# totalCases dailyCases dailyDeceased dailyCasesNormalized dailyDeceasedNormalized Population totalDeceased Sick
1 0.142857142857143 0 2.01415203645373e-08 2.87736005207676e-09 0 0 1
3 0.428571428571429 0 6.04245610936121e-08 8.63208015623029e-09 0 0 2.84834008138958
9 1.28571428571429 0 1.81273683280836e-07 2.58962404686909e-08 0 0 8.41636105647124
16 2.28571428571429 0 3.22264325832598e-07 4.60377608332282e-08 0 0 14.1399364236509
34 4.85714285714286 0 6.8481169239427e-07 9.783024177061e-08 0 0 29.9954748164835
45 6.42857142857143 0 9.06368416404181e-07 1.29481202343454e-07 0 0 36.4463635471347
57 8.14285714285714 0 1.14806666077863e-06 1.64009522968376e-07 0 0 42.9189110179304
65 9.14285714285714 0 1.30919882369493e-06 1.84151043332913e-07 0 0 44.4098324661032
102 14.1428571428571 0 2.05443507718281e-06 2.848586451556e-07 0 0 74.6746408887916
128 17 0 2.57811460666078e-06 3.42405846197135e-07 0 0 89.3494909293351
158 20.2857142857143 0 3.1823602175969e-06 4.085851273949e-07 0 0 105.79875440711
210 25.1428571428571 0.142857142857143 4.22971927655284e-06 5.0641536916551e-07 2.87736005207676e-09 1 141.753323924643
235 27.1428571428571 0.285714285714286 4.73325728566628e-06 5.46698409894585e-07 5.75472010415353e-09 2 145.255026355475
306 35.5714285714286 0.428571428571429 6.16330523154843e-06 7.16462652967114e-07 8.63208015623029e-09 3 194.22566088065
378 44.7142857142857 0.428571428571429 7.61349469779512e-06 9.00613696300027e-07 8.63208015623029e-09 3 236.769412959435
470 52.5714285714286 0.571428571428571 9.46651457133255e-06 1.05886849916425e-06 1.15094402083071e-08 4 292.86098306057
491 51.8571428571429 0.857142857142857 9.88948649898784e-06 1.04448169890387e-06 1.72641603124606e-08 6 269.445710205436
539 54.4285714285714 0.857142857142857 1.08562794764856e-05 1.09627417984125e-06 1.72641603124606e-08 6 276.581595725753
608 56.8571428571429 0.714285714285714 1.22460443816387e-05 1.14518930072655e-06 1.43868002603838e-08 6 303.635253428845
702 66.7142857142857 1.14285714285714 1.41393472959052e-05 1.34372714431985e-06 2.30188804166141e-08 10 351.585955606572
798 70.2857142857143 1.57142857142857 1.60729332509008e-05 1.41566114562177e-06 3.16509605728444e-08 14 394.264458194712
906 75.4285714285714 1.85714285714286 1.82482174502708e-05 1.51924610749653e-06 3.74056806769979e-08 16 442.470342553921
1065 85 1.85714285714286 2.14507191882323e-05 1.71202923098567e-06 3.74056806769979e-08 17 534.365326414668
1161 95.7142857142857 1.85714285714286 2.33843051432279e-05 1.92783123489143e-06 3.74056806769979e-08 19 549.323524502389
1267 104 2.71428571428571 2.55193063018688e-05 2.09471811791188e-06 5.46698409894585e-08 25 572.013163485567
1406 114 3.71428571428571 2.83189776325395e-05 2.29613332155726e-06 7.48113613539959e-08 32 624.261693667257
1485 111.857142857143 3.57142857142857 2.9910157741338e-05 2.25297292077611e-06 7.19340013019191e-08 35 608.586216014077
1579 111.571428571429 4.57142857142857 3.18034606556045e-05 2.24721820067195e-06 9.20755216664564e-08 46 610.288080025958
1780 124.857142857143 4.85714285714286 3.58519062488765e-05 2.51481268551509e-06 9.783024177061e-08 50 718.731839480312
2054 141.285714285714 5.42857142857143 4.13706828287597e-05 2.84570909150392e-06 1.09339681978917e-07 55 883.72902720201
2223 151.714285714286 7.14285714285714 4.47745997703665e-05 3.05575637530552e-06 1.43868002603838e-07 69 918.702754862887
2473 172.285714285714 7.85714285714286 4.98099798615009e-05 3.47009622280458e-06 1.58254802864222e-07 80 1029.37236983321
2709 186.142857142857 9.71428571428571 5.45633786675317e-05 3.74920014785602e-06 1.9566048354122e-07 100 1109.25784000449
2776 184.428571428571 10.5714285714286 5.59128605319557e-05 3.7146718272311e-06 2.12924643853681e-07 109 1008.02788627144
2852 181.857142857143 9.42857142857143 5.74436160796605e-05 3.66287934629372e-06 1.89905763437066e-07 112 931.150459082478
2979 171.285714285714 11 6.00015891659568e-05 3.44995470244004e-06 2.21556724009911e-07 127 916.932256243974
3105 150.142857142857 10.8571428571429 6.25394207318885e-05 3.02410541473268e-06 2.18679363957834e-07 131 903.870384890743
3233 144.285714285714 10.7142857142857 6.51175353385493e-05 2.90613365259753e-06 2.15802003905757e-07 144 894.789475883844
3439 138 10.4285714285714 6.92666885336439e-05 2.77952981030615e-06 2.10047283801604e-07 153 965.085776797839
3621 130.285714285714 9.42857142857143 7.29324452399897e-05 2.62415236749401e-06 1.89905763437066e-07 166 1000.7209464366
3792 145.142857142857 10 7.63766452223256e-05 2.92339781290999e-06 2.01415203645373e-07 179 1019.95168914829
3977 160.714285714286 11 8.0102826489765e-05 3.23703005858636e-06 2.21556724009911e-07 189 1050.2658989855
4149 167.142857142857 9.85714285714286 8.35671679924655e-05 3.36651126092981e-06 1.98537843593297e-07 196 1062.98265822606
4356 178.714285714286 10.7142857142857 8.77364627079247e-05 3.59957742514803e-06 2.15802003905757e-07 206 1108.7707947952
4561 189.714285714286 10.1428571428571 9.18654743826549e-05 3.82113414915794e-06 2.0429256369745e-07 215 1145.61470629895
4881 206 10.2857142857143 9.83107608993068e-05 4.14915319509469e-06 2.07169923749527e-07 225 1291.87087318275
5142 217.285714285714 9.57142857142857 0.000103567697714451 4.37646463920876e-06 1.92783123489143e-07 233 1356.94584170068
5379 226.714285714286 9.14285714285714 0.000108341238040846 4.56637040264582e-06 1.84151043332913e-07 243 1388.15154578961
5597 231.428571428571 9.14285714285714 0.000112732089480316 4.66132328436436e-06 1.84151043332913e-07 253 1395.62459533623
5949 257.142857142857 10.4285714285714 0.000119821904648633 5.17924809373818e-06 2.10047283801604e-07 269 1535.96428279683
6211 265 10.2857142857143 0.000125098982984141 5.3375028966024e-06 2.07169923749527e-07 278 1565.02006467935
6507 278 11.1428571428571 0.000131060873012045 5.59934266134138e-06 2.24434084061988e-07 293 1623.66924904641
7006 303.571428571429 12.7142857142857 0.000141111491673949 6.11439011066312e-06 2.56085044634832e-07 314 1876.42370288579
7285 306.142857142857 13 0.000146730975855655 6.16618259160051e-06 2.61839764738986e-07 324 1870.84543682746
7668 327 13.8571428571429 0.000154445178155272 6.58627715920371e-06 2.79103925051446e-07 340 1970.11317014553
7973 339.428571428571 15 0.000160588341866456 6.83660748373439e-06 3.0212280546806e-07 358 1976.32596710794
8613 380.571428571429 15.5714285714286 0.00017347891489976 7.6652871787325e-06 3.13632245676367e-07 378 2316.59653178869
