0 0 0 0 0 0
0 0 0 0 0 0
0 0 0 0 0 0
0 0 0 0 0 0
0 0 0 0 0 0
0 0 0 0 0 0
0 0 0 0 0 0
0 0 0 0 0 0
0 0 0 0 0 0
0 0 0 0 0 0
0 0 0 0 0 0
0 0 0 0 0 0
0 0 0 0 0 0
0 0 0 0 0 0
0 0 0 0 0 0
0 0 0 0 0 0
0 0 0 0 0 0
0 0 0 0 0 0
0 0 0 0 0 0
0 0 0 0 0 0
0 0 0 0 0 0
0 0 0 0 0 0
0 0 0 0 0 0
0 0 0 0 0 0
0 0 0 0 0 0
2 0.285714285714286 0 1.38429332344948e-08 1.97756189064211e-09 0
2 0.285714285714286 0 1.38429332344948e-08 1.97756189064211e-09 0
2 0.285714285714286 0 1.38429332344948e-08 1.97756189064211e-09 0
2 0.285714285714286 0 1.38429332344948e-08 1.97756189064211e-09 0
2 0.285714285714286 0 1.38429332344948e-08 1.97756189064211e-09 0
2 0.285714285714286 0 1.38429332344948e-08 1.97756189064211e-09 0
2 0.285714285714286 0 1.38429332344948e-08 1.97756189064211e-09 0
2 0 0 1.38429332344948e-08 0 0
2 0 0 1.38429332344948e-08 0 0
2 0 0 1.38429332344948e-08 0 0
2 0 0 1.38429332344948e-08 0 0
2 0 0 1.38429332344948e-08 0 0
2 0 0 1.38429332344948e-08 0 0
2 0 0 1.38429332344948e-08 0 0
2 0 0 1.38429332344948e-08 0 0
2 0 0 1.38429332344948e-08 0 0
2 0 0 1.38429332344948e-08 0 0
2 0 0 1.38429332344948e-08 0 0
2 0 0 1.38429332344948e-08 0 0
2 0 0 1.38429332344948e-08 0 0
2 0 0 1.38429332344948e-08 0 0
2 0 0 1.38429332344948e-08 0 0
2 0 0 1.38429332344948e-08 0 0
2 0 0 1.38429332344948e-08 0 0
2 0 0 1.38429332344948e-08 0 0
2 0 0 1.38429332344948e-08 0 0
2 0 0 1.38429332344948e-08 0 0
2 0 0 1.38429332344948e-08 0 0
2 0 0 1.38429332344948e-08 0 0
2 0 0 1.38429332344948e-08 0 0
2 0 0 1.38429332344948e-08 0 0
3 0.142857142857143 0 2.07643998517422e-08 9.88780945321056e-10 0
4 0.285714285714286 0 2.76858664689896e-08 1.97756189064211e-09 0
10 1.14285714285714 0 6.9214666172474e-08 7.91024756256845e-09 0
10 1.14285714285714 0 6.9214666172474e-08 7.91024756256845e-09 0
25 3.28571428571429 0 1.73036665431185e-07 2.27419617423843e-08 0
30 4 0 2.07643998517422e-07 2.76858664689896e-08 0
45 6.14285714285714 0 3.11465997776133e-07 4.25175806488054e-08 0
59 8 0 4.08366530417596e-07 5.53717329379792e-08 0
63 8.42857142857143 0 4.36052396886586e-07 5.83380757739423e-08 0
93 11.8571428571429 0 6.43696395404008e-07 8.20688184616477e-08 0
114 14.8571428571429 0 7.89047194366203e-07 1.0283321831339e-07 0
147 17.4285714285714 0 1.01745559273537e-06 1.20631275329169e-07 0
199 24.1428571428571 0 1.37737185683223e-06 1.67103979759259e-07 0
253 29.7142857142857 0 1.75113105416359e-06 2.0566643662678e-07 0
306 35.2857142857143 0 2.1179687848777e-06 2.44228893494301e-07 0
438 53.5714285714286 0 3.03160237835436e-06 3.70792854495396e-07 0
438 49.2857142857143 0 3.03160237835436e-06 3.41129426135764e-07 0
495 54.4285714285714 0 3.42612597553746e-06 3.76725540167322e-07 0
658 73 0 4.55432503414879e-06 5.0526706305906e-07 0
840 91.5714285714286 0.285714285714286 5.81403195848781e-06 6.33808585950797e-07 1.97756189064211e-09
1036 111.857142857143 0.571428571428571 7.1706394154683e-06 7.74215480186387e-07 3.95512378128423e-09
1264 136.857142857143 0.714285714285714 8.74873380420071e-06 9.47252145617572e-07 4.94390472660528e-09
1534 156.571428571429 1.14285714285714 1.06175297908575e-05 1.08370391607188e-06 7.91024756256845e-09
1836 199.714285714286 1.42857142857143 1.27078127092662e-05 1.38231576155884e-06 9.88780945321056e-09
2337 263.142857142857 2.42857142857143 1.61754674845072e-05 1.82133450128139e-06 1.6809276070458e-08
2777 302.714285714286 3.42857142857143 1.9220912796096e-05 2.09522682313532e-06 2.37307426877054e-08
3548 386.857142857143 4 2.45573635579938e-05 2.67761879992942e-06 2.76858664689896e-08
4149 444.714285714286 4.28571428571429 2.87171649949594e-05 3.07807508278445e-06 2.96634283596317e-08
4731 495.285714285714 5.42857142857143 3.27454585661974e-05 3.4281035374281e-06 3.75736759222001e-08
5389 550.714285714286 5.28571428571429 3.72997836003462e-05 3.81175054421267e-06 3.65848949768791e-08
6343 643.857142857143 5.28571428571429 4.39028627532002e-05 4.456435720562e-06 3.65848949768791e-08
7497 737.142857142857 5.85714285714286 5.18902352295037e-05 5.10210967785665e-06 4.05400187581633e-08
8672 842.142857142857 5.57142857142857 6.00229585047694e-05 5.82886367266763e-06 3.85624568675212e-08
10131 940.428571428571 6.57142857142857 7.01213782993334e-05 6.50914496304851e-06 4.54839234847686e-08
11917 1109.71428571429 8.57142857142857 8.24831176777372e-05 7.68085038325397e-06 5.93268567192634e-08
13584 1264.71428571429 9 9.40212025286886e-05 8.75367770892731e-06 6.22931995552266e-08
15770 1483 12.1428571428571 0.000109151528553991 1.02645349933779e-05 8.40463803522898e-08
18328 1712.14285714286 14.4285714285714 0.00012685664016091 1.18505396296729e-05 9.98668754774267e-08
