

# aguascalientes
0 0 0 0
0 0 0 0
0 0 0 0
0 0 0 0
0 0 0 0
0 0 0 0
0 0 0 0
0 0 0 0
0 0 0 0
0 0 0 0
0 0 0 0
0 0 0 0
1 0.142857142857143 0 0
1 0.142857142857143 0 0
1 0.142857142857143 0 0
1 0.142857142857143 0 0
4 0.571428571428571 0 0
4 0.571428571428571 0 0
4 0.571428571428571 0 0
4 0.428571428571429 0 0
6 0.714285714285714 0 0
6 0.714285714285714 0 0
12 1.57142857142857 0 0
13 1.28571428571429 0 0
19 2.14285714285714 0 0
19 2.14285714285714 0 0
24 2.85714285714286 0 0
24 2.57142857142857 0 0
36 4.28571428571429 0 0
36 3.42857142857143 0 0
47 4.85714285714286 0 0
48 4.14285714285714 0 0
49 4.28571428571429 0 0
49 3.57142857142857 0 0
49 3.57142857142857 0 0
53 2.42857142857143 0 0
53 2.42857142857143 0 0
53 0.857142857142857 0 0
53 0.714285714285714 0 0
55 0.857142857142857 1 0.142857142857143
55 0.857142857142857 1 0.142857142857143
55 0.857142857142857 1 0.142857142857143
65 1.71428571428571 1 0.142857142857143
65 1.71428571428571 1 0.142857142857143


# baja california
0 0 0 0
0 0 0 0
0 0 0 0
0 0 0 0
0 0 0 0
0 0 0 0
0 0 0 0
0 0 0 0
0 0 0 0
0 0 0 0
0 0 0 0
0 0 0 0
0 0 0 0
0 0 0 0
0 0 0 0
2 0.285714285714286 0 0
2 0.285714285714286 0 0
4 0.571428571428571 0 0
8 1.14285714285714 0 0
11 1.57142857142857 0 0
13 1.85714285714286 0 0
13 1.85714285714286 0 0
14 1.71428571428571 0 0
19 2.42857142857143 0 0
20 2.28571428571429 0 0
20 1.71428571428571 0 0
23 1.71428571428571 0 0
27 2 0 0
35 3.14285714285714 0 0
37 3.28571428571429 0 0
40 3 3 0.428571428571429
52 4.57142857142857 5 0.714285714285714
54 4.85714285714286 5 0.714285714285714
69 6.57142857142857 6 0.857142857142857
111 12 7 1
136 14.4285714285714 7 1
225 26.8571428571429 15 2.14285714285714
239 28.4285714285714 16 1.85714285714286
258 29.4285714285714 17 1.71428571428571
278 32 20 2.14285714285714
335 38 22 2.28571428571429
368 36.7142857142857 25 2.57142857142857
412 39.4285714285714 28 3
464 34.1428571428571 28 1.85714285714286


# baja california sur
0 0 0 0
0 0 0 0
0 0 0 0
0 0 0 0
0 0 0 0
0 0 0 0
0 0 0 0
0 0 0 0
0 0 0 0
0 0 0 0
0 0 0 0
0 0 0 0
0 0 0 0
0 0 0 0
0 0 0 0
0 0 0 0
0 0 0 0
0 0 0 0
1 0.142857142857143 0 0
1 0.142857142857143 0 0
2 0.285714285714286 0 0
2 0.285714285714286 0 0
5 0.714285714285714 0 0
7 1 0 0
9 1.28571428571429 0 0
9 1.14285714285714 0 0
11 1.42857142857143 0 0
13 1.57142857142857 0 0
17 2.14285714285714 0 0
18 1.85714285714286 2 0.285714285714286
19 1.71428571428571 2 0.285714285714286
21 1.71428571428571 2 0.285714285714286
27 2.57142857142857 2 0.285714285714286
28 2.42857142857143 2 0.285714285714286
54 5.85714285714286 2 0.285714285714286
56 5.57142857142857 2 0.285714285714286
68 7.14285714285714 2 0
68 7 2 0
85 9.14285714285714 2 0
102 10.7142857142857 2 0
120 13.1428571428571 2 0
153 14.1428571428571 3 0.142857142857143
164 15.4285714285714 5 0.428571428571429
165 13.8571428571429 6 0.571428571428571


# campeche
0 0 0 0
0 0 0 0
0 0 0 0
0 0 0 0
0 0 0 0
0 0 0 0
0 0 0 0
0 0 0 0
0 0 0 0
0 0 0 0
0 0 0 0
0 0 0 0
0 0 0 0
0 0 0 0
0 0 0 0
0 0 0 0
0 0 0 0
0 0 0 0
0 0 0 0
1 0.142857142857143 0 0
2 0.285714285714286 0 0
2 0.285714285714286 0 0
2 0.285714285714286 0 0
2 0.285714285714286 0 0
2 0.285714285714286 0 0
3 0.428571428571429 0 0
3 0.285714285714286 0 0
3 0.142857142857143 0 0
5 0.428571428571429 0 0
5 0.428571428571429 0 0
5 0.428571428571429 0 0
6 0.571428571428571 0 0
8 0.714285714285714 0 0
8 0.714285714285714 0 0
9 0.857142857142857 0 0
14 1.28571428571429 1 0.142857142857143
14 1.28571428571429 1 0.142857142857143
14 1.28571428571429 1 0.142857142857143
15 1.28571428571429 1 0.142857142857143
18 1.42857142857143 1 0.142857142857143
19 1.57142857142857 1 0.142857142857143
29 2.85714285714286 2 0.285714285714286
33 2.71428571428571 2 0.142857142857143
43 4.14285714285714 2 0.142857142857143


# chiapas
1 0.142857142857143 0 0
1 0.142857142857143 0 0
1 0.142857142857143 0 0
1 0.142857142857143 0 0
1 0.142857142857143 0 0
1 0 0 0
1 0 0 0
1 0 0 0
1 0 0 0
1 0 0 0
1 0 0 0
1 0 0 0
1 0 0 0
1 0 0 0
1 0 0 0
1 0 0 0
2 0.142857142857143 0 0
2 0.142857142857143 0 0
2 0.142857142857143 0 0
2 0.142857142857143 0 0
2 0.142857142857143 0 0
2 0.142857142857143 0 0
4 0.428571428571429 0 0
4 0.285714285714286 0 0
7 0.714285714285714 0 0
6 0.571428571428571 0 0
10 1.14285714285714 0 0
11 1.28571428571429 0 0
13 1.57142857142857 0 0
14 1.42857142857143 0 0
15 1.57142857142857 0 0
18 1.57142857142857 0 0
19 1.85714285714286 0 0
25 2.14285714285714 0 0
26 2.14285714285714 0 0
28 2.14285714285714 0 0
32 2.57142857142857 0 0
34 2.71428571428571 0 0
38 2.85714285714286 1 0.142857142857143
39 2.85714285714286 1 0.142857142857143
43 2.57142857142857 3 0.428571428571429
43 2.42857142857143 3 0.428571428571429
45 2.42857142857143 3 0.428571428571429
48 2.28571428571429 3 0.428571428571429


# chihuahua
0 0 0 0
0 0 0 0
0 0 0 0
0 0 0 0
0 0 0 0
0 0 0 0
0 0 0 0
0 0 0 0
0 0 0 0
0 0 0 0
0 0 0 0
0 0 0 0
0 0 0 0
0 0 0 0
1 0.142857142857143 0 0
1 0.142857142857143 0 0
1 0.142857142857143 0 0
2 0.285714285714286 0 0
2 0.285714285714286 0 0
5 0.714285714285714 0 0
5 0.714285714285714 0 0
6 0.714285714285714 0 0
6 0.714285714285714 0 0
6 0.714285714285714 0 0
6 0.571428571428571 0 0
6 0.571428571428571 0 0
6 0.142857142857143 0 0
6 0.142857142857143 0 0
7 0.142857142857143 0 0
11 0.714285714285714 0 0
11 0.714285714285714 0 0
12 0.857142857142857 0 0
13 1 0 0
15 1.28571428571429 0 0
22 2.28571428571429 0 0
22 2.14285714285714 0 0
29 2.57142857142857 0 0
42 4.42857142857143 1 0.142857142857143
54 6 12 1.71428571428571
54 5.85714285714286 12 1.71428571428571
61 6.57142857142857 12 1.71428571428571
67 6.42857142857143 13 1.85714285714286
69 6.71428571428571 16 2.28571428571429
83 7.71428571428571 20 2.85714285714286


# ciudad de mexico
2 0.285714285714286 0 0
2 0.285714285714286 0 0
2 0.285714285714286 0 0
2 0 0 0
3 0.142857142857143 0 0
3 0.142857142857143 0 0
3 0.142857142857143 0 0
3 0.142857142857143 0 0
5 0.428571428571429 0 0
5 0.428571428571429 0 0
11 1.28571428571429 0 0
17 2 0 0
18 2.14285714285714 0 0
21 2.57142857142857 0 0
21 2.57142857142857 0 0
24 2.71428571428571 0 0
31 3.71428571428571 1 0.142857142857143
31 2.85714285714286 1 0.142857142857143
45 4 1 0.142857142857143
56 5.42857142857143 1 0.142857142857143
60 5.57142857142857 2 0.285714285714286
66 6.42857142857143 3 0.428571428571429
82 8.28571428571429 3 0.428571428571429
83 7.42857142857143 3 0.285714285714286
107 10.8571428571429 5 0.571428571428571
177 18.8571428571429 7 0.857142857142857
196 20 7 0.857142857142857
205 20.7142857142857 8 0.857142857142857
234 24 8 0.714285714285714
296 30.5714285714286 8 0.714285714285714
327 34.8571428571429 13 1.42857142857143
384 39.5714285714286 15 1.42857142857143
469 41.7142857142857 17 1.42857142857143
560 52 19 1.71428571428571
609 57.7142857142857 29 3
723 69.8571428571429 32 3.42857142857143
855 79.8571428571429 39 4.42857142857143
909 83.1428571428571 43 4.28571428571429
1040 93.7142857142857 46 4.42857142857143
1117 92.5714285714286 49 4.57142857142857
1328 109.714285714286 56 5.28571428571429
1437 118.285714285714 64 5
1556 119 92 8.57142857142857
1686 118.714285714286 99 8.57142857142857


# coahuila
1 0.142857142857143 0 0
1 0.142857142857143 0 0
1 0.142857142857143 0 0
1 0.142857142857143 0 0
1 0 0 0
1 0 0 0
1 0 0 0
1 0 0 0
1 0 0 0
1 0 0 0
1 0 0 0
1 0 0 0
1 0 0 0
1 0 0 0
1 0 0 0
1 0 0 0
1 0 0 0
1 0 0 0
3 0.285714285714286 0 0
10 1.28571428571429 0 0
12 1.57142857142857 0 0
12 1.57142857142857 0 0
12 1.57142857142857 0 0
13 1.71428571428571 0 0
14 1.85714285714286 0 0
15 1.71428571428571 0 0
32 3.14285714285714 1 0.142857142857143
39 3.85714285714286 1 0.142857142857143
44 4.57142857142857 1 0.142857142857143
57 6.42857142857143 2 0.285714285714286
62 7 2 0.285714285714286
70 8 3 0.428571428571429
72 8.14285714285714 4 0.571428571428571
82 7.14285714285714 4 0.428571428571429
102 9 5 0.571428571428571
109 9.28571428571429 5 0.571428571428571
122 9.28571428571429 7 0.714285714285714
129 9.57142857142857 7 0.714285714285714
143 10.4285714285714 7 0.571428571428571
156 12 11 1
157 10.7142857142857 11 1
176 10.5714285714286 12 1
194 12.1428571428571 12 1
195 10.4285714285714 12 0.714285714285714


# colima
0 0 0 0
0 0 0 0
0 0 0 0
0 0 0 0
0 0 0 0
0 0 0 0
0 0 0 0
0 0 0 0
0 0 0 0
0 0 0 0
0 0 0 0
0 0 0 0
0 0 0 0
0 0 0 0
0 0 0 0
1 0.142857142857143 0 0
1 0.142857142857143 0 0
1 0.142857142857143 0 0
2 0.285714285714286 0 0
2 0.285714285714286 0 0
2 0.285714285714286 0 0
2 0.285714285714286 0 0
2 0.142857142857143 0 0
2 0.142857142857143 0 0
2 0.142857142857143 0 0
2 0 0 0
2 0 0 0
2 0 0 0
2 0 0 0
3 0.142857142857143 0 0
3 0.142857142857143 0 0
4 0.285714285714286 0 0
4 0.285714285714286 0 0
4 0.285714285714286 0 0
4 0.285714285714286 0 0
5 0.428571428571429 0 0
7 0.571428571428571 0 0
7 0.571428571428571 0 0
7 0.428571428571429 0 0
7 0.428571428571429 0 0
7 0.428571428571429 0 0
7 0.428571428571429 0 0
7 0.285714285714286 0 0
7 0 0 0


# durango
0 0 0 0
0 0 0 0
0 0 0 0
0 0 0 0
0 0 0 0
0 0 0 0
0 0 0 0
0 0 0 0
0 0 0 0
1 0.142857142857143 0 0
1 0.142857142857143 0 0
1 0.142857142857143 0 0
1 0.142857142857143 0 0
3 0.428571428571429 0 0
3 0.428571428571429 0 0
3 0.428571428571429 0 0
3 0.285714285714286 0 0
4 0.428571428571429 1 0.142857142857143
5 0.571428571428571 1 0.142857142857143
5 0.571428571428571 1 0.142857142857143
5 0.285714285714286 1 0.142857142857143
5 0.285714285714286 1 0.142857142857143
5 0.285714285714286 1 0.142857142857143
5 0.285714285714286 1 0.142857142857143
7 0.428571428571429 1 0
7 0.285714285714286 1 0
7 0.285714285714286 1 0
7 0.285714285714286 1 0
7 0.285714285714286 1 0
7 0.285714285714286 1 0
8 0.428571428571429 1 0
8 0.142857142857143 1 0
10 0.428571428571429 2 0.142857142857143
12 0.714285714285714 3 0.285714285714286
12 0.714285714285714 4 0.428571428571429
15 1.14285714285714 4 0.428571428571429
15 1.14285714285714 4 0.428571428571429
16 1.14285714285714 4 0.428571428571429
16 1.14285714285714 4 0.428571428571429
16 0.857142857142857 4 0.285714285714286
16 0.571428571428571 4 0.142857142857143
16 0.571428571428571 4 0
15 0 3 -0.142857142857143
16 0.142857142857143 4 0


# guanajuato
0 0 0 0
0 0 0 0
0 0 0 0
0 0 0 0
0 0 0 0
0 0 0 0
0 0 0 0
0 0 0 0
0 0 0 0
0 0 0 0
0 0 0 0
0 0 0 0
0 0 0 0
0 0 0 0
1 0.142857142857143 0 0
4 0.571428571428571 0 0
4 0.571428571428571 0 0
4 0.571428571428571 0 0
4 0.571428571428571 0 0
4 0.571428571428571 0 0
7 1 0 0
12 1.57142857142857 0 0
19 2.14285714285714 0 0
23 2.71428571428571 0 0
31 3.85714285714286 0 0
37 4.71428571428571 0 0
37 4.71428571428571 0 0
43 5.14285714285714 0 0
46 4.85714285714286 0 0
49 4.28571428571429 0 0
50 3.85714285714286 0 0
52 3 0 0
53 2.28571428571429 0 0
53 2.28571428571429 0 0
58 2.14285714285714 0 0
61 2.14285714285714 1 0.142857142857143
67 2.57142857142857 1 0.142857142857143
71 3 1 0.142857142857143
78 3.71428571428571 1 0.142857142857143
81 4 5 0.714285714285714
82 4.14285714285714 5 0.714285714285714
88 4.28571428571429 5 0.714285714285714
90 4.14285714285714 5 0.571428571428571
91 3.42857142857143 5 0.571428571428571


# guerrero
0 0 0 0
0 0 0 0
0 0 0 0
0 0 0 0
0 0 0 0
0 0 0 0
0 0 0 0
0 0 0 0
0 0 0 0
0 0 0 0
0 0 0 0
0 0 0 0
0 0 0 0
2 0.285714285714286 0 0
2 0.285714285714286 0 0
2 0.285714285714286 0 0
4 0.571428571428571 0 0
4 0.571428571428571 0 0
4 0.571428571428571 0 0
4 0.571428571428571 0 0
5 0.428571428571429 0 0
6 0.571428571428571 0 0
7 0.714285714285714 0 0
7 0.428571428571429 0 0
7 0.428571428571429 0 0
10 0.857142857142857 0 0
13 1.28571428571429 0 0
13 1.14285714285714 0 0
15 1.28571428571429 0 0
17 1.42857142857143 1 0.142857142857143
22 2.14285714285714 1 0.142857142857143
24 2.42857142857143 1 0.142857142857143
25 2.14285714285714 1 0.142857142857143
30 2.42857142857143 2 0.285714285714286
32 2.71428571428571 3 0.428571428571429
37 3.14285714285714 3 0.428571428571429
47 4.28571428571429 4 0.428571428571429
49 3.85714285714286 5 0.571428571428571
54 4.28571428571429 6 0.714285714285714
56 4.42857142857143 6 0.714285714285714
70 5.71428571428571 6 0.571428571428571
77 6.42857142857143 6 0.428571428571429
88 7.28571428571429 6 0.428571428571429
97 7.14285714285714 8 0.571428571428571


# hidalgo
0 0 0 0
0 0 0 0
0 0 0 0
0 0 0 0
0 0 0 0
0 0 0 0
0 0 0 0
0 0 0 0
0 0 0 0
0 0 0 0
0 0 0 0
0 0 0 0
0 0 0 0
0 0 0 0
0 0 0 0
0 0 0 0
2 0.285714285714286 0 0
2 0.285714285714286 0 0
3 0.428571428571429 0 0
5 0.714285714285714 0 0
7 1 0 0
7 1 0 0
7 1 0 0
12 1.42857142857143 0 0
12 1.42857142857143 0 0
12 1.28571428571429 1 0.142857142857143
17 1.71428571428571 2 0.285714285714286
17 1.42857142857143 2 0.285714285714286
19 1.71428571428571 3 0.428571428571429
21 2 3 0.428571428571429
26 2 3 0.428571428571429
30 2.57142857142857 3 0.428571428571429
32 2.85714285714286 5 0.571428571428571
34 2.42857142857143 5 0.428571428571429
35 2.57142857142857 5 0.428571428571429
41 3.14285714285714 6 0.428571428571429
46 3.57142857142857 7 0.571428571428571
47 3 7 0.571428571428571
51 3 7 0.571428571428571
53 3 8 0.428571428571429
58 3.42857142857143 9 0.571428571428571
58 3.28571428571429 9 0.571428571428571
64 3.28571428571429 10 0.571428571428571
64 2.57142857142857 12 0.714285714285714


# jalisco
0 0 0 0
0 0 0 0
0 0 0 0
0 0 0 0
0 0 0 0
0 0 0 0
0 0 0 0
0 0 0 0
0 0 0 0
0 0 0 0
0 0 0 0
2 0.285714285714286 0 0
2 0.285714285714286 0 0
2 0.285714285714286 0 0
5 0.714285714285714 0 0
6 0.857142857142857 0 0
22 3.14285714285714 0 0
28 4 0 0
32 4.28571428571429 0 0
41 5.57142857142857 0 0
46 6.28571428571429 1 0.142857142857143
46 5.85714285714286 1 0.142857142857143
46 5.71428571428571 1 0.142857142857143
64 6 2 0.285714285714286
77 7 3 0.428571428571429
82 7.14285714285714 3 0.428571428571429
83 6 3 0.428571428571429
90 6.28571428571429 3 0.285714285714286
94 6.85714285714286 3 0.285714285714286
99 7.57142857142857 3 0.285714285714286
104 5.71428571428571 4 0.285714285714286
116 5.57142857142857 6 0.428571428571429
120 5.42857142857143 6 0.428571428571429
123 5.71428571428571 6 0.428571428571429
126 5.14285714285714 7 0.571428571428571
135 5.85714285714286 7 0.571428571428571
139 5.71428571428571 8 0.714285714285714
139 5 8 0.571428571428571
144 4 9 0.428571428571429
150 4.28571428571429 11 0.714285714285714
156 4.71428571428571 11 0.714285714285714
159 4.71428571428571 11 0.571428571428571
165 4.28571428571429 11 0.571428571428571
176 5.28571428571429 11 0.428571428571429


# mexico
0 0 0 0
0 0 0 0
0 0 0 0
1 0.142857142857143 0 0
1 0.142857142857143 0 0
1 0.142857142857143 0 0
1 0.142857142857143 0 0
1 0.142857142857143 0 0
2 0.285714285714286 0 0
3 0.428571428571429 0 0
3 0.285714285714286 0 0
3 0.285714285714286 0 0
4 0.428571428571429 0 0
9 1.14285714285714 0 0
10 1.28571428571429 0 0
10 1.14285714285714 0 0
10 1 0 0
14 1.57142857142857 0 0
14 1.57142857142857 0 0
22 2.57142857142857 0 0
22 1.85714285714286 0 0
22 1.71428571428571 0 0
26 2.28571428571429 0 0
46 5.14285714285714 0 0
70 8 0 0
85 10.1428571428571 0 0
119 13.8571428571429 0 0
136 16.2857142857143 1 0.142857142857143
149 18.1428571428571 1 0.142857142857143
157 18.7142857142857 1 0.142857142857143
171 17.8571428571429 1 0.142857142857143
177 15.2857142857143 1 0.142857142857143
180 13.5714285714286 3 0.428571428571429
204 12.1428571428571 3 0.428571428571429
261 17.8571428571429 8 1
320 24.4285714285714 9 1.14285714285714
354 28.1428571428571 11 1.42857142857143
399 32.5714285714286 11 1.42857142857143
470 41.8571428571429 16 2.14285714285714
498 45.4285714285714 19 2.28571428571429
523 45.5714285714286 22 2.71428571428571
558 42.4285714285714 27 2.71428571428571
602 40.2857142857143 35 3.71428571428571
659 43.5714285714286 43 4.57142857142857


# michoacan
0 0 0 0
0 0 0 0
0 0 0 0
0 0 0 0
0 0 0 0
0 0 0 0
0 0 0 0
0 0 0 0
0 0 0 0
0 0 0 0
0 0 0 0
0 0 0 0
0 0 0 0
0 0 0 0
0 0 0 0
0 0 0 0
0 0 0 0
0 0 0 0
0 0 0 0
3 0.428571428571429 0 0
7 1 0 0
8 1.14285714285714 0 0
10 1.42857142857143 0 0
11 1.57142857142857 0 0
16 2.28571428571429 1 0.142857142857143
17 2.42857142857143 1 0.142857142857143
17 2 1 0.142857142857143
17 1.42857142857143 1 0.142857142857143
21 1.85714285714286 1 0.142857142857143
24 2 1 0.142857142857143
24 1.85714285714286 1 0.142857142857143
24 1.14285714285714 1 0
29 1.71428571428571 1 0
30 1.85714285714286 3 0.285714285714286
33 2.28571428571429 3 0.285714285714286
34 1.85714285714286 4 0.428571428571429
36 1.71428571428571 5 0.571428571428571
46 3.14285714285714 5 0.571428571428571
46 3.14285714285714 7 0.857142857142857
50 3 8 1
61 4.42857142857143 9 0.857142857142857
62 4.14285714285714 9 0.857142857142857
67 4.71428571428571 11 1
70 4.85714285714286 12 1


# morelos
0 0 0 0
0 0 0 0
0 0 0 0
0 0 0 0
0 0 0 0
0 0 0 0
0 0 0 0
0 0 0 0
0 0 0 0
0 0 0 0
0 0 0 0
0 0 0 0
0 0 0 0
0 0 0 0
0 0 0 0
0 0 0 0
0 0 0 0
2 0.285714285714286 0 0
2 0.285714285714286 0 0
2 0.285714285714286 0 0
2 0.285714285714286 0 0
2 0.285714285714286 0 0
2 0.285714285714286 0 0
4 0.571428571428571 0 0
4 0.285714285714286 0 0
4 0.285714285714286 0 0
6 0.571428571428571 1 0.142857142857143
6 0.571428571428571 1 0.142857142857143
7 0.714285714285714 1 0.142857142857143
9 1 1 0.142857142857143
9 0.714285714285714 3 0.428571428571429
12 1.14285714285714 3 0.428571428571429
14 1.42857142857143 3 0.428571428571429
15 1.28571428571429 3 0.285714285714286
17 1.57142857142857 3 0.285714285714286
24 2.42857142857143 4 0.428571428571429
26 2.42857142857143 5 0.571428571428571
35 3.71428571428571 7 0.571428571428571
35 3.28571428571429 7 0.571428571428571
40 3.71428571428571 7 0.571428571428571
44 4.14285714285714 7 0.571428571428571
49 4.57142857142857 7 0.571428571428571
53 4.14285714285714 9 0.714285714285714
56 4.28571428571429 10 0.714285714285714


# nayarit
0 0 0 0
0 0 0 0
0 0 0 0
0 0 0 0
0 0 0 0
0 0 0 0
0 0 0 0
0 0 0 0
0 0 0 0
0 0 0 0
0 0 0 0
0 0 0 0
0 0 0 0
0 0 0 0
0 0 0 0
0 0 0 0
0 0 0 0
0 0 0 0
1 0.142857142857143 0 0
1 0.142857142857143 0 0
1 0.142857142857143 0 0
1 0.142857142857143 0 0
4 0.571428571428571 0 0
4 0.571428571428571 0 0
5 0.714285714285714 0 0
5 0.571428571428571 0 0
5 0.571428571428571 0 0
6 0.714285714285714 0 0
6 0.714285714285714 0 0
8 0.571428571428571 1 0.142857142857143
8 0.571428571428571 1 0.142857142857143
8 0.428571428571429 1 0.142857142857143
9 0.571428571428571 1 0.142857142857143
9 0.571428571428571 1 0.142857142857143
10 0.571428571428571 1 0.142857142857143
10 0.571428571428571 1 0.142857142857143
12 0.571428571428571 1 0
16 1.14285714285714 3 0.285714285714286
19 1.57142857142857 3 0.285714285714286
21 1.71428571428571 4 0.428571428571429
22 1.85714285714286 4 0.428571428571429
25 2.14285714285714 4 0.428571428571429
25 2.14285714285714 4 0.428571428571429
27 2.14285714285714 5 0.571428571428571


# nuevo leon
0 0 0 0
0 0 0 0
0 0 0 0
0 0 0 0
0 0 0 0
0 0 0 0
0 0 0 0
0 0 0 0
0 0 0 0
1 0.142857142857143 0 0
1 0.142857142857143 0 0
3 0.428571428571429 0 0
5 0.714285714285714 0 0
13 1.85714285714286 0 0
14 2 0 0
19 2.71428571428571 0 0
19 2.57142857142857 0 0
29 4 0 0
32 4.14285714285714 0 0
35 4.28571428571429 0 0
40 3.85714285714286 0 0
52 5.42857142857143 0 0
52 4.71428571428571 0 0
57 5.42857142857143 0 0
64 5 0 0
64 4.57142857142857 0 0
67 4.57142857142857 0 0
75 5 0 0
76 3.42857142857143 0 0
78 3.71428571428571 0 0
84 3.85714285714286 0 0
85 3 0 0
88 3.42857142857143 1 0.142857142857143
91 3.42857142857143 2 0.285714285714286
93 2.57142857142857 3 0.428571428571429
93 2.42857142857143 4 0.571428571428571
98 2.85714285714286 4 0.571428571428571
107 3.28571428571429 5 0.714285714285714
110 3.57142857142857 5 0.714285714285714
119 4.42857142857143 5 0.571428571428571
124 4.71428571428571 5 0.428571428571429
132 5.57142857142857 5 0.285714285714286
136 6.14285714285714 5 0.142857142857143
150 7.42857142857143 5 0.142857142857143


# oaxaca
0 0 0 0
0 0 0 0
0 0 0 0
0 0 0 0
0 0 0 0
0 0 0 0
0 0 0 0
0 0 0 0
0 0 0 0
0 0 0 0
0 0 0 0
2 0.285714285714286 0 0
2 0.285714285714286 0 0
2 0.285714285714286 0 0
2 0.285714285714286 0 0
2 0.285714285714286 0 0
2 0.285714285714286 0 0
2 0.285714285714286 0 0
2 0 0 0
3 0.142857142857143 0 0
4 0.285714285714286 0 0
4 0.285714285714286 0 0
7 0.714285714285714 0 0
8 0.857142857142857 0 0
11 1.28571428571429 0 0
12 1.42857142857143 0 0
14 1.57142857142857 0 0
14 1.42857142857143 1 0.142857142857143
14 1.42857142857143 1 0.142857142857143
22 2.14285714285714 1 0.142857142857143
22 2 1 0.142857142857143
22 1.57142857142857 1 0.142857142857143
22 1.42857142857143 1 0.142857142857143
25 1.57142857142857 1 0.142857142857143
27 1.85714285714286 1 0
35 3 1 0
37 2.14285714285714 1 0
40 2.57142857142857 1 0
41 2.71428571428571 2 0.142857142857143
43 3 2 0.142857142857143
43 2.57142857142857 3 0.285714285714286
44 2.42857142857143 4 0.428571428571429
46 1.57142857142857 5 0.571428571428571
50 1.85714285714286 5 0.571428571428571


# puebla
0 0 0 0
0 0 0 0
0 0 0 0
0 0 0 0
0 0 0 0
0 0 0 0
0 0 0 0
0 0 0 0
1 0.142857142857143 0 0
1 0.142857142857143 0 0
2 0.285714285714286 0 0
3 0.428571428571429 0 0
6 0.857142857142857 0 0
8 1.14285714285714 0 0
9 1.28571428571429 0 0
9 1.14285714285714 0 0
11 1.42857142857143 0 0
14 1.71428571428571 0 0
16 1.85714285714286 0 0
16 1.42857142857143 0 0
16 1.14285714285714 0 0
22 1.85714285714286 0 0
34 3.57142857142857 0 0
45 4.85714285714286 0 0
51 5.28571428571429 0 0
52 5.14285714285714 0 0
66 7.14285714285714 1 0.142857142857143
76 8.57142857142857 1 0.142857142857143
81 8.42857142857143 1 0.142857142857143
97 9 1 0.142857142857143
100 7.85714285714286 1 0.142857142857143
109 8.28571428571429 1 0.142857142857143
125 10.4285714285714 1 0.142857142857143
147 11.5714285714286 1 0
156 11.4285714285714 2 0.142857142857143
179 14 4 0.428571428571429
183 12.2857142857143 9 1.14285714285714
198 14 10 1.28571428571429
214 15 15 2
243 16.8571428571429 18 2.42857142857143
256 15.5714285714286 20 2.71428571428571
269 16.1428571428571 22 2.85714285714286
276 13.8571428571429 27 3.28571428571429
291 15.4285714285714 31 3.14285714285714


# queretaro
0 0 0 0
0 0 0 0
0 0 0 0
0 0 0 0
0 0 0 0
0 0 0 0
0 0 0 0
0 0 0 0
1 0.142857142857143 0 0
1 0.142857142857143 0 0
4 0.571428571428571 0 0
4 0.571428571428571 0 0
6 0.857142857142857 0 0
7 1 0 0
7 1 0 0
7 0.857142857142857 0 0
9 1.14285714285714 0 0
11 1 0 0
14 1.42857142857143 0 0
14 1.14285714285714 0 0
16 1.28571428571429 0 0
16 1.28571428571429 0 0
18 1.57142857142857 0 0
21 1.71428571428571 0 0
23 1.71428571428571 0 0
25 1.57142857142857 0 0
26 1.71428571428571 0 0
27 1.57142857142857 1 0.142857142857143
29 1.85714285714286 1 0.142857142857143
29 1.57142857142857 1 0.142857142857143
32 1.57142857142857 1 0.142857142857143
35 1.71428571428571 2 0.285714285714286
36 1.57142857142857 2 0.285714285714286
38 1.71428571428571 2 0.285714285714286
40 1.85714285714286 2 0.142857142857143
45 2.28571428571429 2 0.142857142857143
47 2.57142857142857 2 0.142857142857143
50 2.57142857142857 2 0.142857142857143
55 2.85714285714286 3 0.142857142857143
57 3 3 0.142857142857143
61 3.28571428571429 3 0.142857142857143
61 3 3 0.142857142857143
65 2.85714285714286 4 0.285714285714286
69 3.14285714285714 5 0.428571428571429


# quintana roo
0 0 0 0
0 0 0 0
0 0 0 0
0 0 0 0
0 0 0 0
0 0 0 0
0 0 0 0
0 0 0 0
0 0 0 0
0 0 0 0
1 0.142857142857143 0 0
1 0.142857142857143 0 0
1 0.142857142857143 0 0
4 0.571428571428571 0 0
4 0.571428571428571 0 0
6 0.857142857142857 0 0
6 0.857142857142857 0 0
11 1.42857142857143 0 0
12 1.57142857142857 0 0
12 1.57142857142857 0 0
21 2.42857142857143 0 0
22 2.57142857142857 0 0
22 2.28571428571429 0 0
29 3.28571428571429 0 0
29 2.57142857142857 0 0
33 3 1 0.142857142857143
38 3.71428571428571 1 0.142857142857143
43 3.14285714285714 1 0.142857142857143
47 3.57142857142857 1 0.142857142857143
51 4.14285714285714 1 0.142857142857143
56 3.85714285714286 1 0.142857142857143
65 5.14285714285714 1 0.142857142857143
75 6 2 0.142857142857143
86 6.85714285714286 4 0.428571428571429
115 10.2857142857143 8 1
135 12.5714285714286 9 1.14285714285714
143 13.1428571428571 10 1.28571428571429
159 14.7142857142857 12 1.57142857142857
163 14 13 1.71428571428571
216 20.1428571428571 18 2.28571428571429
223 19.5714285714286 19 2.14285714285714
239 17.7142857142857 22 2
245 15.7142857142857 25 2.28571428571429
269 18 27 2.42857142857143


# san luis potosi
0 0 0 0
0 0 0 0
0 0 0 0
0 0 0 0
0 0 0 0
0 0 0 0
0 0 0 0
0 0 0 0
0 0 0 0
0 0 0 0
0 0 0 0
1 0.142857142857143 0 0
2 0.285714285714286 0 0
2 0.285714285714286 0 0
2 0.285714285714286 0 0
3 0.428571428571429 0 0
7 1 0 0
7 1 0 0
9 1.14285714285714 0 0
12 1.42857142857143 0 0
16 2 0 0
16 2 0 0
17 2 1 0.142857142857143
18 1.57142857142857 2 0.285714285714286
19 1.71428571428571 2 0.285714285714286
20 1.57142857142857 2 0.285714285714286
24 1.71428571428571 2 0.285714285714286
25 1.28571428571429 2 0.285714285714286
25 1.28571428571429 2 0.285714285714286
31 2 2 0.142857142857143
33 2.14285714285714 2 0
35 2.28571428571429 2 0
35 2.14285714285714 2 0
37 1.85714285714286 2 0
37 1.71428571428571 3 0.142857142857143
41 2.28571428571429 3 0.142857142857143
43 1.71428571428571 4 0.285714285714286
47 2 4 0.285714285714286
48 1.85714285714286 4 0.285714285714286
51 2.28571428571429 4 0.285714285714286
53 2.28571428571429 4 0.285714285714286
55 2.57142857142857 4 0.142857142857143
55 2 4 0.142857142857143
56 1.85714285714286 4 0


# sinaloa
1 0.142857142857143 0 0
1 0.142857142857143 0 0
1 0.142857142857143 0 0
1 0 0 0
1 0 0 0
1 0 0 0
1 0 0 0
1 0 0 0
1 0 0 0
1 0 0 0
1 0 0 0
1 0 0 0
2 0.142857142857143 0 0
2 0.142857142857143 0 0
2 0.142857142857143 0 0
2 0.142857142857143 0 0
3 0.285714285714286 0 0
3 0.285714285714286 0 0
3 0.285714285714286 0 0
4 0.285714285714286 0 0
4 0.285714285714286 0 0
4 0.285714285714286 0 0
4 0.285714285714286 0 0
8 0.714285714285714 0 0
9 0.857142857142857 0 0
14 1.57142857142857 0 0
19 2.14285714285714 0 0
24 2.85714285714286 3 0.428571428571429
27 3.28571428571429 3 0.428571428571429
32 4 4 0.571428571428571
42 4.85714285714286 4 0.571428571428571
51 6 5 0.714285714285714
74 8.57142857142857 10 1.42857142857143
90 10.1428571428571 12 1.71428571428571
97 10.4285714285714 12 1.28571428571429
111 12 13 1.42857142857143
125 13.2857142857143 13 1.28571428571429
138 13.7142857142857 15 1.57142857142857
171 17.1428571428571 18 1.85714285714286
214 20 24 2
229 19.8571428571429 24 1.71428571428571
245 21.1428571428571 28 2.28571428571429
261 21.4285714285714 34 3
292 23.8571428571429 38 3.57142857142857


# sonora
0 0 0 0
0 0 0 0
0 0 0 0
0 0 0 0
0 0 0 0
0 0 0 0
0 0 0 0
0 0 0 0
0 0 0 0
0 0 0 0
0 0 0 0
0 0 0 0
0 0 0 0
0 0 0 0
1 0.142857142857143 0 0
1 0.142857142857143 0 0
2 0.285714285714286 0 0
2 0.285714285714286 0 0
2 0.285714285714286 0 0
4 0.571428571428571 0 0
4 0.571428571428571 0 0
4 0.428571428571429 0 0
4 0.428571428571429 0 0
7 0.714285714285714 0 0
8 0.857142857142857 0 0
10 1.14285714285714 0 0
14 1.42857142857143 0 0
17 1.85714285714286 0 0
17 1.85714285714286 0 0
18 2 0 0
21 2 0 0
22 2 0 0
27 2.42857142857143 1 0.142857142857143
28 2 1 0.142857142857143
30 1.85714285714286 1 0.142857142857143
35 2.57142857142857 1 0.142857142857143
46 4 2 0.285714285714286
48 3.85714285714286 4 0.571428571428571
55 4.71428571428571 5 0.714285714285714
65 5.42857142857143 5 0.571428571428571
69 5.85714285714286 5 0.571428571428571
72 6 9 1.14285714285714
73 5.42857142857143 9 1.14285714285714
78 4.57142857142857 9 1


# tabasco
0 0 0 0
0 0 0 0
0 0 0 0
0 0 0 0
0 0 0 0
0 0 0 0
0 0 0 0
0 0 0 0
0 0 0 0
0 0 0 0
0 0 0 0
0 0 0 0
0 0 0 0
0 0 0 0
0 0 0 0
1 0.142857142857143 0 0
1 0.142857142857143 0 0
2 0.285714285714286 0 0
4 0.571428571428571 0 0
5 0.714285714285714 0 0
6 0.857142857142857 0 0
6 0.857142857142857 0 0
6 0.714285714285714 0 0
17 2.28571428571429 0 0
21 2.71428571428571 0 0
27 3.28571428571429 0 0
33 4 0 0
38 4.57142857142857 0 0
48 6 0 0
52 6.57142857142857 1 0.142857142857143
62 6.42857142857143 3 0.428571428571429
73 7.42857142857143 3 0.428571428571429
83 8 3 0.428571428571429
97 9.14285714285714 4 0.571428571428571
107 9.85714285714286 8 1.14285714285714
108 8.57142857142857 8 1.14285714285714
112 8.57142857142857 8 1
113 7.28571428571429 9 0.857142857142857
134 8.71428571428571 9 0.857142857142857
143 8.57142857142857 12 1.28571428571429
153 8 12 1.14285714285714
156 7 14 0.857142857142857
195 12.4285714285714 19 1.57142857142857
210 14 21 1.85714285714286


# tamaulipas
0 0 0 0
0 0 0 0
0 0 0 0
0 0 0 0
0 0 0 0
0 0 0 0
0 0 0 0
0 0 0 0
0 0 0 0
0 0 0 0
0 0 0 0
0 0 0 0
0 0 0 0
0 0 0 0
1 0.142857142857143 0 0
2 0.285714285714286 0 0
2 0.285714285714286 0 0
2 0.285714285714286 0 0
3 0.428571428571429 0 0
4 0.571428571428571 0 0
5 0.714285714285714 0 0
5 0.571428571428571 0 0
6 0.571428571428571 0 0
6 0.571428571428571 0 0
6 0.571428571428571 0 0
6 0.428571428571429 0 0
7 0.428571428571429 0 0
8 0.428571428571429 0 0
8 0.428571428571429 0 0
9 0.428571428571429 0 0
13 1 0 0
16 1.42857142857143 0 0
20 2 1 0.142857142857143
26 2.71428571428571 1 0.142857142857143
31 3.28571428571429 1 0.142857142857143
32 3.42857142857143 3 0.428571428571429
43 4.85714285714286 3 0.428571428571429
46 4.71428571428571 3 0.428571428571429
48 4.57142857142857 3 0.428571428571429
49 4.14285714285714 3 0.285714285714286
53 3.85714285714286 3 0.285714285714286
53 3.14285714285714 3 0.285714285714286
55 3.28571428571429 3 0
60 2.42857142857143 4 0.142857142857143


# tlaxcala
0 0 0 0
0 0 0 0
0 0 0 0
0 0 0 0
0 0 0 0
0 0 0 0
0 0 0 0
0 0 0 0
0 0 0 0
0 0 0 0
0 0 0 0
0 0 0 0
0 0 0 0
0 0 0 0
0 0 0 0
0 0 0 0
0 0 0 0
0 0 0 0
0 0 0 0
0 0 0 0
0 0 0 0
0 0 0 0
1 0.142857142857143 0 0
1 0.142857142857143 0 0
4 0.571428571428571 0 0
4 0.571428571428571 0 0
4 0.571428571428571 0 0
4 0.571428571428571 0 0
4 0.571428571428571 0 0
5 0.571428571428571 0 0
5 0.571428571428571 0 0
8 0.571428571428571 0 0
9 0.714285714285714 0 0
11 1 0 0
14 1.42857142857143 0 0
18 2 0 0
23 2.57142857142857 0 0
29 3.42857142857143 0 0
34 3.71428571428571 1 0.142857142857143
38 4.14285714285714 1 0.142857142857143
40 4.14285714285714 2 0.285714285714286
49 5 2 0.285714285714286
51 4.71428571428571 4 0.571428571428571
58 5 4 0.571428571428571


# veracruz
0 0 0 0
0 0 0 0
0 0 0 0
0 0 0 0
0 0 0 0
0 0 0 0
0 0 0 0
0 0 0 0
0 0 0 0
0 0 0 0
0 0 0 0
0 0 0 0
0 0 0 0
0 0 0 0
0 0 0 0
2 0.285714285714286 0 0
2 0.285714285714286 0 0
4 0.571428571428571 0 0
7 1 0 0
7 1 0 0
7 1 0 0
7 1 0 0
7 0.714285714285714 0 0
7 0.714285714285714 0 0
17 1.85714285714286 0 0
23 2.28571428571429 0 0
24 2.42857142857143 0 0
26 2.71428571428571 1 0.142857142857143
27 2.85714285714286 1 0.142857142857143
28 3 1 0.142857142857143
29 3.14285714285714 1 0.142857142857143
35 2.57142857142857 2 0.285714285714286
37 2 3 0.428571428571429
40 2.28571428571429 3 0.428571428571429
41 2.14285714285714 3 0.285714285714286
46 2.71428571428571 3 0.285714285714286
49 3 3 0.285714285714286
54 3.57142857142857 3 0.285714285714286
63 4 3 0.142857142857143
73 5.14285714285714 3 0
78 5.42857142857143 3 0
82 5.85714285714286 3 0
94 6.85714285714286 5 0.285714285714286
106 8.14285714285714 6 0.428571428571429


# yucatan
0 0 0 0
0 0 0 0
0 0 0 0
0 0 0 0
0 0 0 0
0 0 0 0
0 0 0 0
0 0 0 0
0 0 0 0
0 0 0 0
1 0.142857142857143 0 0
1 0.142857142857143 0 0
1 0.142857142857143 0 0
4 0.571428571428571 0 0
5 0.714285714285714 0 0
8 1.14285714285714 0 0
13 1.85714285714286 0 0
13 1.71428571428571 0 0
14 1.85714285714286 0 0
19 2.57142857142857 0 0
19 2.14285714285714 0 0
24 2.71428571428571 0 0
29 3 0 0
32 2.71428571428571 0 0
36 3.28571428571429 0 0
38 3.42857142857143 0 0
41 3.14285714285714 0 0
46 3.85714285714286 0 0
49 3.57142857142857 0 0
52 3.28571428571429 0 0
53 3 0 0
59 3.28571428571429 0 0
62 3.42857142857143 0 0
67 3.71428571428571 2 0.285714285714286
72 3.71428571428571 2 0.285714285714286
74 3.57142857142857 2 0.285714285714286
74 3.14285714285714 3 0.428571428571429
88 5 3 0.428571428571429
88 4.14285714285714 4 0.571428571428571
103 5.85714285714286 4 0.571428571428571
107 5.71428571428571 6 0.571428571428571
114 6 6 0.571428571428571
116 6 7 0.714285714285714
128 7.71428571428571 7 0.571428571428571


# zacatecas
0 0 0 0
0 0 0 0
0 0 0 0
0 0 0 0
0 0 0 0
0 0 0 0
0 0 0 0
0 0 0 0
0 0 0 0
0 0 0 0
0 0 0 0
0 0 0 0
0 0 0 0
0 0 0 0
0 0 0 0
0 0 0 0
0 0 0 0
0 0 0 0
1 0.142857142857143 0 0
2 0.285714285714286 0 0
3 0.428571428571429 0 0
3 0.428571428571429 0 0
3 0.428571428571429 0 0
4 0.571428571428571 0 0
4 0.571428571428571 0 0
4 0.428571428571429 0 0
5 0.428571428571429 0 0
6 0.428571428571429 0 0
6 0.428571428571429 0 0
6 0.428571428571429 1 0.142857142857143
7 0.428571428571429 1 0.142857142857143
7 0.428571428571429 1 0.142857142857143
10 0.857142857142857 2 0.285714285714286
10 0.714285714285714 2 0.285714285714286
9 0.428571428571429 2 0.285714285714286
10 0.571428571428571 2 0.285714285714286
11 0.714285714285714 2 0.142857142857143
11 0.571428571428571 2 0.142857142857143
14 1 2 0.142857142857143
14 0.571428571428571 2 0
15 0.714285714285714 2 0
16 1 2 0
17 1 2 0
18 1 2 0
