# totalCases dailyCases dailyDeceased totalCasesNormalized dailyCasesNormalized dailyDeceasedNormalized totalDeceased Sick totalCasesAveraged totalDeathsAv
1 1 0 2.23310613339348e-08 2.23310613339348e-08 0 0 1 1 0 2.23310613339348e-08 0
2 1 0 4.46621226678696e-08 2.23310613339348e-08 0 0 1.84834008138958 2 0 4.46621226678696e-08 0
8 6 0 1.78648490671478e-07 1.33986368003609e-07 0 0 7.56802097508166 8 0 1.78648490671478e-07 0
9 1 1 2.00979552005413e-07 2.23310613339348e-08 2.23310613339348e-08 1 7.42025552995882 9 1 2.00979552005413e-07 2.23310613339348e-08
12 3 0 2.67972736007217e-07 6.69931840018044e-08 0 1 9.29490018021674 12 1 2.67972736007217e-07 2.23310613339348e-08
19 7 0 4.24290165344761e-07 1.56317429337543e-07 0 1 14.8852363753931 19 1 4.24290165344761e-07 2.23310613339348e-08
31 12 0 6.92262901351978e-07 2.67972736007217e-07 0 1 24.6277426382041 31 1 6.92262901351978e-07 2.23310613339348e-08
34 3 1 7.59256085353783e-07 6.69931840018044e-08 2.23310613339348e-08 2 23.8927011941357 34 2 7.59256085353783e-07 4.46621226678696e-08
45 11 0 1.00489776002707e-06 2.45641674673283e-07 0 2 31.26913607565 45 2 1.00489776002707e-06 4.46621226678696e-08
56 11 0 1.25053943470035e-06 2.45641674673283e-07 0 2 37.5268614433987 56 2 1.25053943470035e-06 4.46621226678696e-08
65 9 0 1.45151898670576e-06 2.00979552005413e-07 0 2 40.8355406911883 65 2 1.45151898670576e-06 4.46621226678696e-08
79 14 0 1.76415384538085e-06 3.12634858675087e-07 0 2 48.6424259135502 79 2 1.76415384538085e-06 4.46621226678696e-08
97 18 0 2.16611294939167e-06 4.01959104010826e-07 0 2 59.2653195584878 97 2 2.16611294939167e-06 4.46621226678696e-08
128 31 1 2.85837585074365e-06 6.92262901351978e-07 2.23310613339348e-08 3 81.2771460178269 128 3 2.85837585074365e-06 6.69931840018044e-08
158 30 0 3.5283076907617e-06 6.69931840018044e-07 0 3 98.950660667876 158 3 3.5283076907617e-06 6.69931840018044e-08
225 67 1 5.02448880013533e-06 1.49618110937363e-06 2.23310613339348e-08 4 150.943811524539 225 4 5.02448880013533e-06 8.93242453357391e-08
266 41 0 5.94006231482665e-06 9.15573514691326e-07 0 4 169.05168535398 266 4 5.94006231482665e-06 8.93242453357391e-08
301 35 0 6.72164946151437e-06 7.81587146687717e-07 0 4 178.413320512241 301 4 6.72164946151437e-06 8.93242453357391e-08
387 86 2 8.64212073623276e-06 1.92047127471839e-06 4.46621226678696e-08 6 237.35517084434 387 6 8.64212073623276e-06 1.33986368003609e-07
502 115 2 1.12101927896353e-05 2.5680720534025e-06 4.46621226678696e-08 8 316.357904952325 502 8 1.12101927896353e-05 1.78648490671478e-07
589 87 4 1.31529951256876e-05 1.94280233605233e-06 8.93242453357391e-08 12 355.379090835492 589 12 1.31529951256876e-05 2.67972736007217e-07
690 101 5 1.5408432320415e-05 2.25543719472741e-06 1.11655306669674e-07 17 402.482326843536 690 17 1.5408432320415e-05 3.79628042676891e-07
745 55 2 1.66366406937814e-05 1.22820837336641e-06 4.46621226678696e-08 19 396.441889912313 745 19 1.66366406937814e-05 4.24290165344761e-07
820 75 1 1.83114702938265e-05 1.67482960004511e-06 2.23310613339348e-08 20 411.31754515445 820 20 1.83114702938265e-05 4.46621226678696e-07
966 146 4 2.1571805248581e-05 3.26033495475448e-06 8.93242453357391e-08 24 494.937159733288 966 24 2.1571805248581e-05 5.35945472014435e-07
966 0 0 2.1571805248581e-05 0 0 24 419.875030370865 966 24 2.1571805248581e-05 5.35945472014435e-07
1133 167 7 2.53010924913481e-05 3.72928724276711e-06 1.56317429337543e-07 31 523.196817438272 1133 31 2.53010924913481e-05 6.92262901351978e-07
1133 0 3 2.53010924913481e-05 0 6.69931840018044e-08 34 443.848830688352 1133 34 2.53010924913481e-05 7.59256085353783e-07
1265 132 3 2.82487925874275e-05 2.94770009607939e-06 6.69931840018044e-08 37 508.534753150826 1265 37 2.82487925874275e-05 8.26249269355587e-07
1451 186 6 3.24023699955394e-05 4.15357740811187e-06 1.33986368003609e-07 43 617.410413877402 1451 43 3.24023699955394e-05 9.60235637359196e-07
1554 103 3 3.47024693129347e-05 2.30009931739528e-06 6.69931840018044e-08 46 626.774000759529 1554 46 3.47024693129347e-05 1.027228821361e-06
1628 74 7 3.63549678516458e-05 1.65249853871117e-06 1.56317429337543e-07 53 605.717506817211 1628 53 3.63549678516458e-05 1.18354625069854e-06
1715 87 7 3.82977701876982e-05 1.94280233605233e-06 1.56317429337543e-07 60 600.854439032406 1715 60 3.82977701876982e-05 1.33986368003609e-06
1795 80 5 4.00842550944129e-05 1.78648490671478e-06 1.11655306669674e-07 65 589.728903712041 1795 65 4.00842550944129e-05 1.45151898670576e-06
1894 99 14 4.22950301664725e-05 2.21077507205954e-06 3.12634858675087e-07 79 599.29066617286 1894 79 4.22950301664725e-05 1.76415384538085e-06
1975 81 3 4.41038461345212e-05 1.80881596804872e-06 6.69931840018044e-08 82 589.4022925171 1975 82 4.41038461345212e-05 1.83114702938265e-06
2137 162 7 4.77214780706186e-05 3.61763193609743e-06 1.56317429337543e-07 89 662.013588805161 2137 89 4.77214780706186e-05 1.9874644587202e-06
2203 66 6 4.91953281186583e-05 1.4738500480397e-06 1.33986368003609e-07 95 627.612661807978 2203 95 4.91953281186583e-05 2.1214508267238e-06
2272 69 3 5.07361713506998e-05 1.5408432320415e-06 6.69931840018044e-08 98 601.428976599311 2272 98 5.07361713506998e-05 2.18844401072561e-06
2432 160 7 5.43091411641294e-05 3.57296981342957e-06 1.56317429337543e-07 105 670.21630695831 2432 105 5.43091411641294e-05 2.34476144006315e-06
2432 0 4 5.43091411641294e-05 0 8.93242453357391e-08 109 568.571356393637 2432 109 5.43091411641294e-05 2.43408568539889e-06
2560 128 6 5.7167517014873e-05 2.85837585074365e-06 1.33986368003609e-07 115 610.341870758761 2560 115 5.7167517014873e-05 2.5680720534025e-06
2658 98 7 5.93559610255987e-05 2.18844401072561e-06 1.56317429337543e-07 122 615.777472314956 2658 122 5.93559610255987e-05 2.72438948274004e-06
2828 170 10 6.31522414523676e-05 3.79628042676891e-06 2.23310613339348e-07 132 692.388710981539 2828 132 6.31522414523676e-05 2.94770009607939e-06
2930 102 2 6.54300097084289e-05 2.27776825606135e-06 4.46621226678696e-08 134 689.381095427305 2930 134 6.54300097084289e-05 2.99236221874726e-06
3020 90 8 6.7439805228483e-05 2.00979552005413e-06 1.78648490671478e-07 142 674.829614603237 3020 142 6.7439805228483e-05 3.17101070941874e-06
3132 112 9 6.99408840978837e-05 2.5010788694007e-06 2.00979552005413e-07 151 684.485010176609 3132 151 6.99408840978837e-05 3.37199026142415e-06
3276 144 8 7.31565569299704e-05 3.21567283208661e-06 1.78648490671478e-07 159 724.676069243171 3276 159 7.31565569299704e-05 3.55063875209563e-06
3423 147 6 7.64392229460588e-05 3.28266601608841e-06 1.33986368003609e-07 165 761.771755562832 3423 165 7.64392229460588e-05 3.68462512009924e-06
3423 0 2 7.64392229460588e-05 0 4.46621226678696e-08 167 646.241513114456 3423 167 7.64392229460588e-05 3.72928724276711e-06
3767 344 18 8.41211080449323e-05 7.68188509887357e-06 4.01959104010826e-07 185 892.232577832842 3767 185 8.41211080449323e-05 4.13124634677794e-06
3767 0 1 8.41211080449323e-05 0 2.23310613339348e-08 186 756.916657697148 3767 186 8.41211080449323e-05 4.15357740811187e-06
3990 223 11 8.91009347223998e-05 4.97982667746746e-06 2.45641674673283e-07 197 865.122738995927 3990 197 8.91009347223998e-05 4.39921908278515e-06
4114 124 10 9.18699863278077e-05 2.76905160540791e-06 2.23310613339348e-07 207 857.91829481178 4114 207 9.18699863278077e-05 4.6225296961245e-06
4272 158 7 9.53982940185694e-05 3.5283076907617e-06 1.56317429337543e-07 214 885.806476046235 4272 214 9.53982940185694e-05 4.77884712546204e-06
4415 143 4 9.85916357893221e-05 3.19334177075267e-06 8.93242453357391e-08 218 894.465137984479 4415 218 9.85916357893221e-05 4.86817137079778e-06
4519 104 7 0.000100914066168051 2.32243037872922e-06 1.56317429337543e-07 225 862.810627957895 4519 225 0.000100914066168051 5.02448880013533e-06
4668 149 12 0.000104241394306808 3.32732813875628e-06 2.67972736007217e-07 237 880.956838345595 4668 237 0.000104241394306808 5.29246153614254e-06
4770 102 9 0.000106519162562869 2.27776825606135e-06 2.00979552005413e-07 246 849.350995942808 4770 246 0.000106519162562869 5.49344108814796e-06
4874 104 14 0.000108841592941598 2.32243037872922e-06 3.12634858675087e-07 260 824.538493026442 4874 260 0.000108841592941598 5.80607594682304e-06
5007 133 4 0.000111811624099011 2.97003115741333e-06 8.93242453357391e-08 264 832.489052282893 5007 264 0.000111811624099011 5.89540019215878e-06
5195 188 9 0.000116009863629791 4.19823953077974e-06 2.00979552005413e-07 273 894.233830369603 5195 273 0.000116009863629791 6.0963797441642e-06
5358 163 9 0.000119649826627223 3.63996299743137e-06 2.00979552005413e-07 282 921.614400437065 5358 282 0.000119649826627223 6.29735929616961e-06
5598 240 11 0.000125009281347367 5.35945472014435e-06 2.45641674673283e-07 293 1021.84243547659 5598 293 0.000125009281347367 6.54300097084289e-06
5763 165 7 0.000128693906467466 3.68462512009924e-06 1.56317429337543e-07 300 1031.86989487953 5763 300 0.000128693906467466 6.69931840018044e-06
5776 13 0 0.000128984210264807 2.90303797341152e-07 0 300 888.376590605561 5776 300 0.000128984210264807 6.69931840018044e-06
6021 245 5 0.000134455320291621 5.47111002681402e-06 1.11655306669674e-07 305 998.645469178919 6021 305 0.000134455320291621 6.81097370685011e-06
6550 529 14 0.000146268451737273 1.18131314456515e-05 3.12634858675087e-07 319 1376.19097860258 6550 319 0.000146268451737273 7.1236085655252e-06
6866 316 10 0.000153325067118796 7.05661538152339e-06 2.23310613339348e-07 329 1483.47796679532 6866 329 0.000153325067118796 7.34691917886454e-06
7121 255 24 0.00015901948775895 5.69442064015337e-06 5.35945472014435e-07 353 1513.49381909079 7121 353 0.00015901948775895 7.88286465087898e-06
7466 345 3 0.000166723703919157 7.7042161602075e-06 6.69931840018044e-08 356 1628.9574696701 7466 356 0.000166723703919157 7.94985783488078e-06
7792 326 7 0.00017400362991402 7.27992599486274e-06 1.56317429337543e-07 363 1707.9099124001 7792 363 0.00017400362991402 8.10617526421833e-06
7792 0 3 0.00017400362991402 0 6.69931840018044e-08 366 1448.88843409157 7792 366 0.00017400362991402 8.17316844822013e-06
8358 566 16 0.000186643010629027 1.26393807150071e-05 3.57296981342957e-07 382 1795.15013210166 8358 382 0.000186643010629027 8.53046542956309e-06
8796 438 11 0.00019642401549329 9.78100486426343e-06 2.45641674673283e-07 393 1960.89780917364 8796 393 0.00019642401549329 8.77610710423637e-06
9270 474 10 0.000207008938565575 1.05849230722851e-05 2.23310613339348e-07 403 2137.50820703101 9270 403 0.000207008938565575 8.99941771757572e-06
9918 648 13 0.000221479466309965 1.44705277443897e-05 2.90303797341152e-07 416 2461.33388632358 9918 416 0.000221479466309965 9.28972151491687e-06
10636 718 17 0.00023751316834773 1.60337020377652e-05 3.79628042676891e-07 433 2806.04818945068 10636 433 0.00023751316834773 9.66934955759376e-06
11340 704 12 0.00025323423552682 1.57210671790901e-05 2.67972736007217e-07 445 3084.48314942167 11340 445 0.00025323423552682 9.93732229360098e-06
12063 723 7 0.000269379592871255 1.61453573444348e-05 1.56317429337543e-07 452 3339.69068602517 12063 452 0.000269379592871255 1.00936397229385e-05
12615 552 15 0.000281706338727587 1.2326745856332e-05 3.34965920009022e-07 467 3385.19346839861 12615 467 0.000281706338727587 1.04286056429475e-05
13215 600 17 0.000295104975527948 1.33986368003609e-05 3.79628042676891e-07 484 3471.79530250075 13215 484 0.000295104975527948 1.08082336856244e-05
13920 705 16 0.000310848373768372 1.5743398240424e-05 3.57296981342957e-07 500 3650.26310949144 13920 500 0.000310848373768372 1.11655306669674e-05
14689 769 8 0.000328020959934168 1.71725861657958e-05 1.78648490671478e-07 508 3865.66450339935 14689 508 0.000328020959934168 1.13441791576389e-05
15406 717 12 0.000344032330910599 1.60113709764312e-05 2.67972736007217e-07 520 3996.39813943861 15406 520 0.000344032330910599 1.16121518936461e-05
16201 795 8 0.000361785524671077 1.77531937604782e-05 1.78648490671478e-07 528 4185.30472287652 16201 528 0.000361785524671077 1.17908003843176e-05
16838 637 11 0.000376010410740794 1.42248860697165e-05 2.45641674673283e-07 539 4187.56174924526 16838 539 0.000376010410740794 1.20364420589908e-05
17402 564 17 0.000388605129333133 1.25947185923392e-05 3.79628042676891e-07 556 4116.47647517861 17402 556 0.000388605129333133 1.24160701016677e-05
18306 904 13 0.00040879240877901 2.0187279445877e-05 2.90303797341152e-07 569 4396.17198799131 18306 569 0.00040879240877901 1.27063738990089e-05
19255 949 14 0.000429984585984914 2.11921772059041e-05 3.12634858675087e-07 583 4678.44890209514 19255 583 0.000429984585984914 1.3019008757684e-05
19255 0 5 0.000429984585984914 0 1.11655306669674e-07 588 3968.91572238038 19255 588 0.000429984585984914 1.31306640643537e-05
21024 1769 44 0.000469488233484645 3.95036474997306e-05 9.8256669869313e-07 632 5135.99028695255 21024 632 0.000469488233484645 1.41132307630468e-05
22007 983 16 0.000491439666775903 2.19514332912579e-05 3.57296981342957e-07 648 5340.06641804942 22007 648 0.000491439666775903 1.44705277443897e-05
22781 774 16 0.000508723908248368 1.72842414724655e-05 3.57296981342957e-07 664 5304.1923797138 22781 664 0.000508723908248368 1.48278247257327e-05
23607 826 29 0.000527169364910198 1.84454566618301e-05 6.47600778684109e-07 693 5325.75899511239 23607 693 0.000527169364910198 1.54754255044168e-05
24748 1141 24 0.000552649105892218 2.54797409820196e-05 5.35945472014435e-07 717 5659.05481937493 24748 717 0.000552649105892218 1.60113709764312e-05
25987 1239 18 0.000580317290884963 2.76681849927452e-05 4.01959104010826e-07 735 6039.80302605662 25987 735 0.000580317290884963 1.64133300804421e-05
27360 1373 30 0.000610977838096456 3.06605472114925e-05 6.69931840018044e-07 765 6496.8069907019 27360 765 0.000610977838096456 1.70832619204601e-05
28751 1391 20 0.000642040344411959 3.10625063155033e-05 4.46621226678696e-07 785 6902.50177126444 28751 785 0.000642040344411959 1.75298831471388e-05
30282 1531 30 0.000676229199314213 3.41888549022542e-05 6.69931840018044e-07 815 7386.66891442619 30282 815 0.000676229199314213 1.81998149871568e-05
31564 1282 18 0.000704857619944317 2.86284206301044e-05 4.01959104010826e-07 833 7548.40730806219 31564 833 0.000704857619944317 1.86017740911677e-05
32772 1208 21 0.000731833542035711 2.69759220913932e-05 4.6895228801263e-07 854 7611.61647008318 32772 854 0.000731833542035711 1.90707263791803e-05
34146 1374 24 0.000762516420308537 3.06828782728264e-05 5.35945472014435e-07 878 7831.23933573662 34146 878 0.000762516420308537 1.96066718511947e-05
35539 1393 35 0.000793623588746708 3.11071684381712e-05 7.81587146687717e-07 913 8036.55421546008 35539 913 0.000793623588746708 2.03882589978825e-05
35539 0 16 0.000793623588746708 0 3.57296981342957e-07 929 6817.73105723517 35539 929 0.000793623588746708 2.07455559792254e-05
39557 4018 50 0.000883349793186458 8.972620443975e-05 1.11655306669674e-06 979 9801.75451998715 39557 979 0.000883349793186458 2.18621090459222e-05
41191 1634 13 0.000919838747406108 3.64889542196494e-05 2.90303797341152e-07 992 9949.22122724658 41191 992 0.000919838747406108 2.21524128432633e-05
42772 1581 19 0.000955144155375059 3.53054079689509e-05 4.24290165344761e-07 1011 10021.3231456853 42772 1011 0.000955144155375059 2.25767030086081e-05
44918 2146 32 0.00100306661299768 4.7922457622624e-05 7.14593962685913e-07 1043 10647.4900930419 44918 1043 0.00100306661299768 2.3291296971294e-05
44918 0 6 0.00100306661299768 0 1.33986368003609e-07 1049 9032.69261212594 44918 1049 0.00100306661299768 2.34252833392976e-05
49838 4920 36 0.00111293543476064 0.000109868821762959 8.03918208021652e-07 1085 12582.795185738 49838 1085 0.00111293543476064 2.42292015473192e-05
52444 2606 39 0.00117113018059688 5.8194745836234e-05 8.70911392023457e-07 1124 13280.4894919774 52444 1124 0.00117113018059688 2.51001129393427e-05
52444 0 43 0.00117113018059688 0 9.60235637359196e-07 1167 11266.3715365175 52444 1167 0.00117113018059688 2.60603485767019e-05
57731 5287 40 0.00128919450186939 0.000118064321272513 8.93242453357391e-07 1207 14844.7145462545 57731 1207 0.00128919450186939 2.69535910300593e-05
57731 0 10 0.00128919450186939 0 2.23310613339348e-07 1217 12593.3663463746 57731 1217 0.00128919450186939 2.71769016433986e-05
62255 4524 63 0.00139022022334411 0.000101025721474721 1.40685686403789e-06 1280 15207.4574312522 62255 1280 0.00139022022334411 2.85837585074365e-05
64517 2262 27 0.00144073308408147 5.05128607373605e-05 6.02938656016239e-07 1307 15163.0956749571 64517 1307 0.00144073308408147 2.91866971634528e-05
67184 2667 44 0.00150029002465907 5.95569405776041e-05 9.8256669869313e-07 1351 15530.4618190111 67184 1351 0.00150029002465907 3.01692638621459e-05
69928 2744 34 0.00156156645695939 6.1276432300317e-05 7.59256085353783e-07 1385 15919.1132435576 69928 1385 0.00156156645695939 3.09285199474997e-05
72773 2845 52 0.00162509832645444 6.35318694950445e-05 1.16121518936461e-06 1437 16349.8218246896 72773 1437 0.00162509832645444 3.20897351368643e-05
72773 0 16 0.00162509832645444 0 3.57296981342957e-07 1453 13870.2091774623 72773 1453 0.00162509832645444 3.24470321182072e-05
75363 2590 37 0.00168293577530933 5.78374488548911e-05 8.26249269355587e-07 1490 14356.6543824989 75363 1490 0.00168293577530933 3.32732813875628e-05
77802 2439 33 0.00173740123390279 5.44654585934669e-05 7.36925024019848e-07 1523 14618.3253473311 77802 1523 0.00173740123390279 3.40102064115827e-05
80434 2632 79 0.00179617658733371 5.87753534309163e-05 1.76415384538085e-06 1602 15033.3113149342 80434 1602 0.00179617658733371 3.57743602569635e-05
83413 2979 52 0.0018627008190475 6.65242317137917e-05 1.16121518936461e-06 1654 15732.3605444662 83413 1654 0.0018627008190475 3.69355754463281e-05
87017 3604 53 0.001943181964095 8.0481145047501e-05 1.18354625069854e-06 1707 16950.3920247427 87017 1707 0.001943181964095 3.81191216970267e-05
90680 3663 42 0.00202498064176121 8.17986776662031e-05 9.37904576025261e-07 1749 18042.6969498555 90680 1749 0.00202498064176121 3.90570262730519e-05
94047 3367 61 0.00210016932527256 7.51886835113584e-05 1.36219474137002e-06 1810 18673.3429989279 94047 1810 0.00210016932527256 4.0419221014422e-05
97496 3449 8 0.00217718915581331 7.70198305407411e-05 1.78648490671478e-07 1818 19290.345319526 97496 1818 0.00217718915581331 4.05978695050934e-05
100153 2657 85 0.00223652278577757 5.93336299642647e-05 1.89814021338446e-06 1903 19021.7731183998 100153 1903 0.00223652278577757 4.24960097184779e-05
103252 3099 23 0.00230572674485143 6.92039590738639e-05 5.136144106805e-07 1926 19235.9325554374 103252 1926 0.00230572674485143 4.30096241291584e-05
106897 3645 124 0.00238712346341363 8.13967185621923e-05 2.76905160540791e-06 2050 19963.6125896842 106897 2050 0.00238712346341363 4.57786757345663e-05
111147 4250 62 0.00248203047408285 9.49070106692228e-05 1.38452580270396e-06 2112 21185.9327291628 111147 2112 0.00248203047408285 4.71632015372703e-05
114770 3623 21 0.0025629359092957 8.09054352128457e-05 4.6895228801263e-07 2133 21595.8758957721 114770 2133 0.0025629359092957 4.76321538252829e-05
119288 4518 71 0.00266382764440241 0.000100891735106717 1.58550535470937e-06 2204 22838.6471150985 119288 2204 0.00266382764440241 4.92176591799923e-05
122511 3223 42 0.00273580065508168 7.19730106792718e-05 9.37904576025261e-07 2246 22597.9397524506 122511 2246 0.00273580065508168 5.01555637560175e-05
126742 4231 127 0.00283028337558556 9.44827205038781e-05 2.83604478940972e-06 2373 23401.7380488307 126742 2373 0.00283028337558556 5.29916085454272e-05
130761 4019 0 0.00292003191108665 8.97485355010839e-05 0 2373 23871.6323610027 130761 2373 0.00292003191108665 5.29916085454272e-05
136105 5344 133 0.00303936910285519 0.000119337191768547 2.97003115741333e-06 2506 25595.2625400351 136105 2506 0.00303936910285519 5.59616397028406e-05
141887 5782 111 0.003168487299488 0.000129118196632811 2.47874780806676e-06 2617 27495.4871064011 141887 2617 0.003168487299488 5.84403875109073e-05
148014 6127 105 0.00330530971228102 0.000136822412793018 2.34476144006315e-06 2722 29452.5237696904 148014 2722 0.00330530971228102 6.07851489509705e-05
153507 5493 125 0.00342797423218833 0.000122664519907304 2.79138266674185e-06 2847 30478.7564119077 153507 2847 0.00342797423218833 6.35765316177123e-05
162513 9006 92 0.00362908777056174 0.000201113538373417 2.054457642722e-06 2939 34862.3506951309 162513 2939 0.00362908777056174 6.56309892604343e-05
162513 0 17 0.00362908777056174 0 3.79628042676891e-07 2956 29575.1294261394 162513 2956 0.00362908777056174 6.60106173031112e-05
