# totalCases dailyCases dailyDeceased totalCasesNormalized dailyCasesNormalized dailyDeceasedNormalized totalDeceased Sick totalCasesAveraged totalDeathsAv
27 27 0 1.8831292440171e-08 1.8831292440171e-08 0 0 27 27 0 1.8831292440171e-08 0
27 0 0 1.8831292440171e-08 0 0 0 22.9051821975186 27 0 1.8831292440171e-08 0
27 0 0 1.8831292440171e-08 0 0 0 19.4313841296861 27 0 1.8831292440171e-08 0
44 17 0 3.0688032124723e-08 1.18567396845521e-08 0 0 33.4844219940901 44 0 3.0688032124723e-08 0
44 0 0 3.0688032124723e-08 0 0 0 28.4061772797494 44 0 3.0688032124723e-08 0
59 15 0 4.11498612581513e-08 1.04618291334283e-08 0 0 39.0980987454694 59 0 4.11498612581513e-08 0
59 0 0 4.11498612581513e-08 0 0 0 33.1684842719094 59 0 4.11498612581513e-08 0
59 0 0 4.11498612581513e-08 0 0 0 28.1381546468006 59 0 4.11498612581513e-08 0
59 0 0 4.11498612581513e-08 0 0 0 23.8707244032194 59 0 4.11498612581513e-08 0
59 0 0 4.11498612581513e-08 0 0 0 20.2504922830553 59 0 4.11498612581513e-08 0
59 0 0 4.11498612581513e-08 0 0 0 17.1793042715862 59 0 4.11498612581513e-08 0
59 0 1 4.11498612581513e-08 0 6.97455275561887e-10 1 14.5738923839738 59 1 4.11498612581513e-08 6.97455275561887e-10
59 0 0 4.11498612581513e-08 0 0 1 12.3636170511833 59 1 4.11498612581513e-08 6.97455275561887e-10
59 0 0 4.11498612581513e-08 0 0 1 10.4885518954704 59 1 4.11498612581513e-08 6.97455275561887e-10
59 0 0 4.11498612581513e-08 0 0 1 8.89785896866222 59 1 4.11498612581513e-08 6.97455275561887e-10
59 0 1 4.11498612581513e-08 0 6.97455275561887e-10 2 7.5484104016679 59 2 4.11498612581513e-08 1.39491055112377e-09
59 0 0 4.11498612581513e-08 0 0 2 6.4036190945129 59 2 4.11498612581513e-08 1.39491055112377e-09
63 4 0 4.39396823603989e-08 2.78982110224755e-09 0 2 9.43244674382694 63 2 4.39396823603989e-08 1.39491055112377e-09
80 17 0 5.5796422044951e-08 1.18567396845521e-08 0 2 25.001922638361 80 2 5.5796422044951e-08 1.39491055112377e-09
216 136 1 1.50650339521368e-07 9.48539174764167e-08 6.97455275561887e-10 3 157.210133085923 216 3 1.50650339521368e-07 2.09236582668566e-09
235 19 0 1.63901989757043e-07 1.32516502356759e-08 0 3 152.367657097379 235 3 1.63901989757043e-07 2.09236582668566e-09
386 151 3 2.69217736366888e-07 1.05315746609845e-07 2.09236582668566e-09 6 280.25959062313 386 6 2.69217736366888e-07 4.18473165337132e-09
526 140 11 3.66861474945553e-07 9.76437385786642e-08 7.67200803118076e-09 17 377.755443919436 526 17 3.66861474945553e-07 1.18567396845521e-08
623 97 0 4.34514636675056e-07 6.76531617295031e-08 0 17 417.465084039971 623 17 4.34514636675056e-07 1.18567396845521e-08
882 259 9 6.15155553045585e-07 1.80640916370529e-07 6.27709748005698e-09 26 613.152363371777 882 26 6.15155553045585e-07 1.81338371646091e-08
1323 441 15 9.22733329568377e-07 3.07577776522792e-07 1.04618291334283e-08 41 961.161725847026 1323 41 9.22733329568377e-07 2.85956662980374e-08
1988 665 15 1.38654108781703e-06 4.63807758248655e-07 1.04618291334283e-08 56 1480.39201673361 1988 56 1.38654108781703e-06 3.90574954314657e-08
2775 787 25 1.93543838968424e-06 5.48897301867205e-07 1.74363818890472e-08 81 2042.87588396428 2775 81 1.93543838968424e-06 5.64938773205129e-08
4528 1753 25 3.15807748774423e-06 1.22263909805999e-06 1.74363818890472e-08 106 3486.05349367106 4528 106 3.15807748774423e-06 7.393025920956e-08
5994 1466 26 4.18054692171795e-06 1.02246943397373e-06 1.81338371646091e-08 132 4423.35890454934 5994 132 4.18054692171795e-06 9.20640963741691e-08
7734 1740 38 5.39411910119564e-06 1.21357217947768e-06 2.65033004713517e-08 170 5492.51265310071 7734 170 5.39411910119564e-06 1.18567396845521e-07
9714 1980 43 6.77508054680817e-06 1.38096144561254e-06 2.99905768491611e-08 213 6639.51863116475 9714 213 6.77508054680817e-06 1.48557973694682e-07
11809 2095 46 8.23624934911033e-06 1.46116880230215e-06 3.20829426758468e-08 259 7727.56977594993 11809 259 8.23624934911033e-06 1.80640916370529e-07
14399 2590 45 1.00426585128156e-05 1.80640916370529e-06 3.13854874002849e-08 304 9145.60717267302 14399 304 1.00426585128156e-05 2.12026403770814e-07
17211 2812 57 1.20039027476956e-05 1.96124423488003e-06 3.97549507070276e-08 361 10570.5851332226 17211 361 1.20039027476956e-05 2.51781354477841e-07
20448 3237 65 1.42615654746895e-05 2.25766272699383e-06 4.53345929115227e-08 426 12204.4510522535 20448 426 1.42615654746895e-05 2.97115947389364e-07
24320 3872 66 1.69621123016651e-05 2.70054682697563e-06 4.60320481870846e-08 492 14225.5249989839 24320 492 1.69621123016651e-05 3.43147995576449e-07
28047 3727 72 1.95615281136843e-05 2.59941581201915e-06 5.02167798404559e-08 564 15795.0830354475 28047 564 1.95615281136843e-05 3.93364775416904e-07
31207 3160 73 2.17654867844598e-05 2.20395867077556e-06 5.09142351160178e-08 637 16559.6020278467 31207 637 2.17654867844598e-05 4.44279010532922e-07
34625 3418 86 2.41493889163303e-05 2.38390213187053e-06 5.99811536983223e-08 723 17466.1741320825 34625 723 2.41493889163303e-05 5.04260164231244e-07
37232 2607 89 2.59676548197202e-05 1.81826590338984e-06 6.2073519525008e-08 812 17424.2555847754 37232 812 2.59676548197202e-05 5.66333683756252e-07
40206 2974 97 2.80418868092412e-05 2.07423198952105e-06 6.76531617295031e-08 909 17755.6944009412 40206 909 2.80418868092412e-05 6.33986845485755e-07
42696 2490 108 2.97785504453903e-05 1.7366636361491e-06 7.53251697606838e-08 1017 17552.867233223 42696 1017 2.97785504453903e-05 7.09312015246439e-07
44724 2028 97 3.11929897442298e-05 1.41443929883951e-06 6.76531617295031e-08 1114 16918.8008172529 44724 1114 3.11929897442298e-05 7.76965176975942e-07
59865 15141 254 4.17531600715124e-05 1.05601703272825e-05 1.77153639992719e-07 1368 29493.8968623224 59865 1368 4.17531600715124e-05 9.54118816968662e-07
64021 4156 13 4.46517841967476e-05 2.8986241252352e-06 9.06691858230453e-09 1381 29176.8548646784 64021 1381 4.46517841967476e-05 9.63185735550966e-07
66559 2538 143 4.64219256861236e-05 1.77014148937607e-06 9.97361044053499e-08 1524 27289.8954305932 66559 1524 4.64219256861236e-05 1.06292183995632e-06
68566 2007 142 4.78217184241764e-05 1.39979273805271e-06 9.9038649129788e-08 1666 25158.1121107026 68566 1666 4.78217184241764e-05 1.1619604890861e-06
70618 2052 105 4.92528966496294e-05 1.43117822545299e-06 7.32328039339982e-08 1771 23394.6348756016 70618 1771 4.92528966496294e-05 1.2351932930201e-06
72508 1890 98 5.05710871204413e-05 1.31819047081197e-06 6.83506170050649e-08 1869 21736.6064544473 72508 1869 5.05710871204413e-05 1.30354391002517e-06
74258 1750 139 5.17916338526746e-05 1.2205467322333e-06 9.69462833031023e-08 2008 20190.0344886991 74258 2008 5.17916338526746e-05 1.40049019332827e-06
74652 394 112 5.2066431231246e-05 2.74797378571384e-07 7.81149908629314e-08 2120 17522.0155014014 74652 2120 5.2066431231246e-05 1.4786051841912e-06
75543 891 118 5.26878638817716e-05 6.21432650525641e-07 8.22997225163027e-08 2238 15755.6280565684 75543 2238 5.26878638817716e-05 1.5609049067075e-06
76369 826 109 5.32639619393858e-05 5.76098057614119e-07 7.60226250362457e-08 2347 14192.1307878531 76369 2347 5.32639619393858e-05 1.63692753174375e-06
77016 647 98 5.37152155026743e-05 4.51253563288541e-07 6.83506170050649e-08 2445 12686.7533876589 77016 2445 5.37152155026743e-05 1.70527814874881e-06
77234 218 150 5.38672607527468e-05 1.52045250072491e-07 1.04618291334283e-07 2595 10980.6814014561 77234 2595 5.38672607527468e-05 1.8098964400831e-06
77749 515 70 5.42264502196612e-05 3.59189466914372e-07 4.88218692893321e-08 2665 9830.35215382428 77749 2665 5.42264502196612e-05 1.85871830937243e-06
78159 410 52 5.45124068826415e-05 2.85956662980374e-07 3.62676743292181e-08 2717 8749.48174626351 78159 2717 5.45124068826415e-05 1.89498598370165e-06
78598 439 29 5.48185897486132e-05 3.06182865971668e-07 2.02262029912947e-08 2746 7861.53605674183 78598 2746 5.48185897486132e-05 1.91521218669294e-06
78927 329 44 5.50480525342731e-05 2.29462785659861e-07 3.0688032124723e-08 2790 6998.25613822348 78927 2790 5.50480525342731e-05 1.94590021881767e-06
79355 428 47 5.53465633922136e-05 2.98510857940488e-07 3.27803979514087e-08 2837 6364.90118188563 79355 2837 5.53465633922136e-05 1.97868061676907e-06
79929 574 35 5.57469027203861e-05 4.00339328172523e-07 2.44109346446661e-08 2872 5973.60078667748 79929 2872 5.57469027203861e-05 2.00309155141374e-06
80134 205 42 5.58898810518763e-05 1.42978331490187e-07 2.92931215735993e-08 2914 5272.64497755883 80134 2914 5.58898810518763e-05 2.03238467298734e-06
80261 127 32 5.59784578718726e-05 8.85768199963597e-08 2.23185688179804e-08 2946 4599.99606940062 80261 2946 5.59784578718726e-05 2.05470324180532e-06
80380 119 37 5.60614550496645e-05 8.29971777918646e-08 2.58058451957898e-08 2983 4021.36103990706 80380 2983 5.60614550496645e-05 2.08050908700111e-06
80497 117 31 5.61430573169052e-05 8.16022672407408e-08 2.16211135424185e-08 3014 3528.48175189164 80497 3014 5.61430573169052e-05 2.10213020054353e-06
80667 170 30 5.62616247137508e-05 1.18567396845521e-07 2.09236582668566e-08 3044 3163.3524965814 80667 3044 5.62616247137508e-05 2.12305385881038e-06
80768 101 28 5.63320676965825e-05 7.04429828317506e-08 1.95287477157328e-08 3072 2784.5987144138 80768 3072 5.63320676965825e-05 2.14258260652612e-06
80814 46 27 5.63641506392584e-05 3.20829426758468e-08 1.8831292440171e-08 3099 2408.28670002312 80814 3099 5.63641506392584e-05 2.16141389896629e-06
80859 45 23 5.63955361266586e-05 3.13854874002849e-08 1.60414713379234e-08 3122 2088.04613510705 80859 3122 5.63955361266586e-05 2.17745537030421e-06
80879 20 17 5.64094852321699e-05 1.39491055112377e-08 1.18567396845521e-08 3139 1791.37322820191 80879 3139 5.64094852321699e-05 2.18931210998876e-06
80908 29 22 5.64297114351612e-05 2.02262029912947e-08 1.53440160623615e-08 3161 1548.69371021193 80908 3161 5.64297114351612e-05 2.20465612605113e-06
80932 24 11 5.64464503617747e-05 1.67389266134853e-08 7.67200803118076e-09 3172 1337.81894816871 80932 3172 5.64464503617747e-05 2.21232813408231e-06
80954 22 7 5.6461794377837e-05 1.53440160623615e-08 4.88218692893321e-09 3179 1156.92543537397 80954 3179 5.6461794377837e-05 2.21721032101124e-06
80973 19 15 5.64750460280727e-05 1.32516502356759e-08 1.04618291334283e-08 3194 1000.46621800683 80973 3194 5.64750460280727e-05 2.22767215014467e-06
80995 22 9 5.64903900441351e-05 1.53440160623615e-08 6.27709748005698e-09 3203 870.735592811437 80995 3203 5.64903900441351e-05 2.23394924762472e-06
81020 25 13 5.65078264260241e-05 1.74363818890472e-08 9.06691858230453e-09 3216 763.679903674458 81020 3216 5.65078264260241e-05 2.24301616620703e-06
81063 43 9 5.65378170028733e-05 2.99905768491611e-08 6.27709748005698e-09 3225 690.860271638776 81063 3225 5.65378170028733e-05 2.24929326368709e-06
81086 23 16 5.65538584742112e-05 1.60414713379234e-08 1.11592844089902e-08 3241 609.084459070866 81086 3241 5.65538584742112e-05 2.26045254809608e-06
81130 44 8 5.65845465063359e-05 3.0688032124723e-08 5.5796422044951e-09 3249 560.710759581306 81130 3249 5.65845465063359e-05 2.26603219030057e-06
81229 99 4 5.66535945786165e-05 6.90480722806268e-08 2.78982110224755e-09 3253 574.673411419218 81229 3253 5.66535945786165e-05 2.26882201140282e-06
81281 52 6 5.66898622529458e-05 3.62676743292181e-08 4.18473165337132e-09 3259 539.518488615807 81281 3259 5.66898622529458e-05 2.27300674305619e-06
81346 65 6 5.67351968458573e-05 4.53345929115227e-08 4.18473165337132e-09 3265 522.695158543517 81346 3265 5.67351968458573e-05 2.27719147470956e-06
81484 138 9 5.68314456738848e-05 9.62488280275404e-08 6.27709748005698e-09 3274 581.423253340746 81484 3274 5.68314456738848e-05 2.28346857218962e-06
81553 69 7 5.68795700878986e-05 4.81244140137702e-08 4.88218692893321e-09 3281 562.244650060882 81553 3281 5.68795700878986e-05 2.28835075911855e-06
81631 78 4 5.69339715993924e-05 5.44015114938272e-08 2.78982110224755e-09 3285 554.974672193505 81631 3285 5.69339715993924e-05 2.2911405802208e-06
81733 102 6 5.70051120374997e-05 7.11404381073125e-08 4.18473165337132e-09 3291 572.807258577793 81733 3291 5.70051120374997e-05 2.29532531187417e-06
81827 94 5 5.70706728334025e-05 6.55607959028174e-08 3.48727637780944e-09 3296 579.935356362427 81827 3296 5.70706728334025e-05 2.29881258825198e-06
81946 119 3 5.71536700111944e-05 8.29971777918646e-08 2.09236582668566e-09 3299 610.982407417196 81946 3299 5.71536700111944e-05 2.30090495407867e-06
82059 113 5 5.72324824573329e-05 7.88124461384933e-08 3.48727637780944e-09 3304 631.320865235905 82059 3304 5.72324824573329e-05 2.30439223045648e-06
82157 98 2 5.7300833074338e-05 6.83506170050649e-08 1.39491055112377e-09 3306 633.574794197167 82157 3306 5.7300833074338e-05 2.3057871410076e-06
82241 84 3 5.73594193174852e-05 5.85862431471985e-08 2.09236582668566e-09 3309 621.486892475611 82241 3309 5.73594193174852e-05 2.30787950683428e-06
82295 54 1 5.73970819023655e-05 3.76625848803419e-08 6.97455275561887e-10 3310 581.232240945316 82295 3310 5.73970819023655e-05 2.30857696210985e-06
82395 100 6 5.74668274299217e-05 6.97455275561887e-08 4.18473165337132e-09 3316 593.082606589797 82395 3316 5.74668274299217e-05 2.31276169376322e-06
82465 70 10 5.7515649299211e-05 4.88218692893321e-08 6.97455275561887e-09 3326 573.135746745133 82465 3326 5.7515649299211e-05 2.31973624651884e-06
82527 62 4 5.75588915262959e-05 4.3242227084837e-08 2.78982110224755e-09 3330 548.214026041043 82527 3330 5.75588915262959e-05 2.32252606762108e-06
82575 48 3 5.75923693795228e-05 3.34778532269706e-08 2.09236582668566e-09 3333 513.071931470568 82575 3333 5.75923693795228e-05 2.32461843344777e-06
82642 67 2 5.76390988829855e-05 4.67295034626464e-08 1.39491055112377e-09 3335 502.25948410245 82642 3335 5.76390988829855e-05 2.32601334399889e-06
82698 56 0 5.76781563784169e-05 3.90574954314657e-08 0 3335 482.086851622161 82698 3335 5.76781563784169e-05 2.32601334399889e-06
82784 86 2 5.77381375321153e-05 5.99811536983223e-08 1.39491055112377e-09 3337 494.97359894199 82784 3337 5.77381375321153e-05 2.32740825455002e-06
82870 86 2 5.77981186858136e-05 5.99811536983223e-08 1.39491055112377e-09 3339 505.905943212141 82870 3339 5.77981186858136e-05 2.32880316510114e-06
82925 55 1 5.78364787259695e-05 3.83600401559038e-08 6.97455275561887e-10 3340 484.180289040059 82925 3340 5.78364787259695e-05 2.3295006203767e-06
83004 79 3 5.78915776927389e-05 5.50989667693891e-08 2.09236582668566e-09 3343 489.749545811474 83004 3343 5.78915776927389e-05 2.33159298620339e-06
83097 93 0 5.79564410333661e-05 6.48633406272555e-08 0 3343 508.474169554215 83097 3343 5.79564410333661e-05 2.33159298620339e-06
83209 112 2 5.80345560242291e-05 7.81149908629314e-08 1.39491055112377e-09 3345 543.359018384122 83209 3345 5.80345560242291e-05 2.33298789675451e-06
83303 94 0 5.81001168201319e-05 6.55607959028174e-08 0 3345 554.953233879748 83303 3345 5.81001168201319e-05 2.33298789675451e-06
83352 49 1 5.81342921286344e-05 3.41753085025325e-08 6.97455275561887e-10 3346 519.789071596956 83352 3346 5.81342921286344e-05 2.33368535203007e-06
83402 50 0 5.81691648924125e-05 3.48727637780944e-08 0 3346 490.957903303975 83402 3346 5.81691648924125e-05 2.33368535203007e-06
83754 352 1290 5.84146691494103e-05 2.45504256997784e-07 8.99717305474835e-07 4636 768.499267647752 83754 4636 5.84146691494103e-05 3.23340265750491e-06
83785 31 0 5.84362902629527e-05 2.16211135424185e-08 0 4636 682.948731264126 83785 4636 5.84362902629527e-05 3.23340265750491e-06
83803 18 0 5.84488444579128e-05 1.2554194960114e-08 0 4636 597.372782265518 83803 4636 5.84488444579128e-05 3.23340265750491e-06
83817 14 0 5.84586088317707e-05 9.76437385786642e-09 0 4636 520.775274727049 83817 4636 5.84586088317707e-05 3.23340265750491e-06
83849 32 0 5.84809274005887e-05 2.23185688179804e-08 0 4636 473.794538947626 83849 4636 5.84809274005887e-05 3.23340265750491e-06
83864 15 0 5.84913892297221e-05 1.04618291334283e-08 0 4636 416.938897732767 83864 4636 5.84913892297221e-05 3.23340265750491e-06
83876 12 0 5.84997586930288e-05 8.36946330674265e-09 0 4636 365.705978437097 83876 4636 5.84997586930288e-05 3.23340265750491e-06
83884 8 0 5.85053383352333e-05 5.5796422044951e-09 0 4636 318.243039511983 83884 4636 5.85053383352333e-05 3.23340265750491e-06
83899 15 0 5.85158001643668e-05 1.04618291334283e-08 0 4636 284.978326041263 83899 4636 5.85158001643668e-05 3.23340265750491e-06
83909 10 0 5.85227747171224e-05 6.97455275561887e-09 0 4636 251.758536308111 83909 4636 5.85227747171224e-05 3.23340265750491e-06
83912 3 1 5.85248670829491e-05 2.09236582668566e-09 6.97455275561887e-10 4637 216.576857182144 83912 4637 5.85248670829491e-05 3.23410011278047e-06
83938 26 0 5.85430009201137e-05 1.81338371646091e-08 0 4637 209.730828648999 83938 4637 5.85430009201137e-05 3.23410011278047e-06
83940 2 0 5.85443958306648e-05 1.39491055112377e-09 0 4637 179.923068245996 83940 4637 5.85443958306648e-05 3.23410011278047e-06
83944 4 0 5.85471856517671e-05 2.78982110224755e-09 0 4637 156.635950359671 83944 4637 5.85471856517671e-05 3.23410011278047e-06
83956 12 0 5.85555551150738e-05 8.36946330674265e-09 0 4637 144.880554876658 83956 4637 5.85555551150738e-05 3.23410011278047e-06
83959 3 0 5.85576474809005e-05 2.09236582668566e-09 0 4637 125.907981715831 83959 4637 5.85576474809005e-05 3.23410011278047e-06
83961 2 0 5.85590423914516e-05 1.39491055112377e-09 0 4637 108.812787456406 83961 4637 5.85590423914516e-05 3.23410011278047e-06
83964 3 0 5.85611347572783e-05 2.09236582668566e-09 0 4637 95.3102489669943 83964 4637 5.85611347572783e-05 3.23410011278047e-06
83966 2 0 5.85625296678294e-05 1.39491055112377e-09 0 4637 82.855504365921 83966 4637 5.85625296678294e-05 3.23410011278047e-06
83968 2 0 5.85639245783805e-05 1.39491055112377e-09 0 4637 72.2896453173601 83968 4637 5.85639245783805e-05 3.23410011278047e-06
83970 2 0 5.85653194889317e-05 1.39491055112377e-09 0 4637 63.3262035921531 83970 4637 5.85653194889317e-05 3.23410011278047e-06
83976 6 0 5.8569504220585e-05 4.18473165337132e-09 0 4637 59.7221567094602 83976 4637 5.8569504220585e-05 3.23410011278047e-06
83976 0 0 5.8569504220585e-05 0 0 4637 50.6646992836647 83976 4637 5.8569504220585e-05 3.23410011278047e-06
83991 15 0 5.85799660497185e-05 1.04618291334283e-08 0 4637 57.9808951138827 83991 4637 5.85799660497185e-05 3.23410011278047e-06
84010 19 0 5.85932176999541e-05 1.32516502356759e-08 0 4637 68.1875172799519 84010 4637 5.85932176999541e-05 3.23410011278047e-06
84011 1 0 5.85939151552297e-05 6.97455275561887e-10 0 4637 58.8462039590277 84011 4637 5.85939151552297e-05 3.23410011278047e-06
84018 7 0 5.85987973421586e-05 4.88218692893321e-09 0 4637 56.9215934560694 84018 4637 5.85987973421586e-05 3.23410011278047e-06
84024 6 0 5.8602982073812e-05 4.18473165337132e-09 0 4637 54.2888692253464 84024 4637 5.8602982073812e-05 3.23410011278047e-06
84029 5 0 5.86064693501898e-05 3.48727637780944e-09 0 4637 51.0554237371786 84029 4637 5.86064693501898e-05 3.23410011278047e-06
84038 9 0 5.86127464476699e-05 6.27709748005698e-09 0 4637 52.3123623285776 84038 4637 5.86127464476699e-05 3.23410011278047e-06
84044 6 1 5.86169311793232e-05 4.18473165337132e-09 6.97455275561887e-10 4638 50.3786737155067 84044 4638 5.86169311793232e-05 3.23479756805603e-06
84054 10 0 5.86239057320789e-05 6.97455275561887e-09 0 4638 52.738248160112 84054 4638 5.86239057320789e-05 3.23479756805603e-06
84063 9 0 5.86301828295589e-05 6.27709748005698e-09 0 4638 53.7399697364933 84063 4638 5.86301828295589e-05 3.23479756805603e-06
84065 2 0 5.863157774011e-05 1.39491055112377e-09 0 4638 47.5897703001302 84065 4638 5.863157774011e-05 3.23479756805603e-06
84067 2 0 5.86329726506612e-05 1.39491055112377e-09 0 4638 42.3723096097239 84067 4638 5.86329726506612e-05 3.23479756805603e-06
84079 12 0 5.86413421139679e-05 8.36946330674265e-09 0 4638 47.9461285829776 84079 4638 5.86413421139679e-05 3.23479756805603e-06
84081 2 0 5.8642737024519e-05 1.39491055112377e-09 0 4638 42.6746226243985 84081 4638 5.8642737024519e-05 3.23479756805603e-06
84084 3 0 5.86448293903457e-05 2.09236582668566e-09 0 4638 39.2025928304518 84084 4638 5.86448293903457e-05 3.23479756805603e-06
84095 11 0 5.86525013983769e-05 7.67200803118076e-09 0 4638 44.257130792468 84095 4638 5.86525013983769e-05 3.23479756805603e-06
84102 7 0 5.86573835853058e-05 4.88218692893321e-09 0 4638 44.5450979385516 84102 4638 5.86573835853058e-05 3.23479756805603e-06
84103 1 0 5.86580810405814e-05 6.97455275561887e-10 0 4638 38.7893920106976 84103 4638 5.86580810405814e-05 3.23479756805603e-06
84106 3 0 5.86601734064081e-05 2.09236582668566e-09 0 4638 35.9065959754075 84106 4638 5.86601734064081e-05 3.23479756805603e-06
84106 0 0 5.86601734064081e-05 0 0 4638 30.4610045522 84106 4638 5.86601734064081e-05 3.23479756805603e-06
84123 17 0 5.86720301460926e-05 1.18567396845521e-08 0 4638 42.8412910810217 84123 4638 5.86720301460926e-05 3.23479756805603e-06
84128 5 0 5.86755174224704e-05 3.48727637780944e-09 0 4638 41.3439843625086 84128 4638 5.86755174224704e-05 3.23479756805603e-06
84147 19 0 5.86887690727061e-05 1.32516502356759e-08 0 4638 54.07375905906 84147 4638 5.86887690727061e-05 3.23479756805603e-06
84154 7 0 5.86936512596351e-05 4.88218692893321e-09 0 4638 52.8729371612035 84154 4638 5.86936512596351e-05 3.23479756805603e-06
84159 5 0 5.86971385360129e-05 3.48727637780944e-09 0 4638 49.8542318146415 84159 4638 5.86971385360129e-05 3.23479756805603e-06
84160 1 0 5.86978359912884e-05 6.97455275561887e-10 0 4638 43.2933430752479 84160 4638 5.86978359912884e-05 3.23479756805603e-06
84171 11 0 5.87055079993196e-05 7.67200803118076e-09 0 4638 47.7274781880828 84171 4638 5.87055079993196e-05 3.23479756805603e-06
84177 6 0 5.8709692730973e-05 4.18473165337132e-09 0 4638 46.4891327305975 84177 4638 5.8709692730973e-05 3.23479756805603e-06
84186 9 0 5.8715969828453e-05 6.27709748005698e-09 0 4638 48.4385946444061 84186 4638 5.8715969828453e-05 3.23479756805603e-06
84191 5 0 5.87194571048308e-05 3.48727637780944e-09 0 4638 46.0924013230323 84191 4638 5.87194571048308e-05 3.23479756805603e-06
84194 3 0 5.87215494706575e-05 2.09236582668566e-09 0 4638 42.1020314898224 84194 4638 5.87215494706575e-05 3.23479756805603e-06
84198 4 0 5.87243392917598e-05 2.78982110224755e-09 0 4638 39.7168408207425 84198 4638 5.87243392917598e-05 3.23479756805603e-06
84209 11 0 5.8732011299791e-05 7.67200803118076e-09 0 4638 44.6933879744057 84209 4638 5.8732011299791e-05 3.23479756805603e-06
84216 7 0 5.87368934867199e-05 4.88218692893321e-09 0 4638 44.9151923917834 84216 4638 5.87368934867199e-05 3.23479756805603e-06
84228 12 0 5.87452629500266e-05 8.36946330674265e-09 0 4638 50.1033579692741 84228 4638 5.87452629500266e-05 3.23479756805603e-06
84288 60 0 5.87871102665603e-05 4.18473165337132e-08 0 4638 102.504686777545 84288 4638 5.87871102665603e-05 3.23479756805603e-06
84335 47 0 5.88198906645118e-05 3.27803979514087e-08 0 4638 133.958834323676 84335 4638 5.88198906645118e-05 3.23479756805603e-06
84378 43 0 5.88498812413609e-05 2.99905768491611e-08 0 4638 156.642648413001 84378 4638 5.88498812413609e-05 3.23479756805603e-06
84422 44 0 5.88805692734856e-05 3.0688032124723e-08 0 4638 176.886237103764 84422 4638 5.88805692734856e-05 3.23479756805603e-06
84458 36 0 5.89056776634059e-05 2.51083899202279e-08 0 4638 186.059684781304 84458 4638 5.89056776634059e-05 3.23479756805603e-06
84494 36 0 5.89307860533261e-05 2.51083899202279e-08 0 4638 193.841888130691 84494 4638 5.89307860533261e-05 3.23479756805603e-06
84524 30 0 5.8951709711593e-05 2.09236582668566e-08 0 4638 194.4438431535 84524 4638 5.8951709711593e-05 3.23479756805603e-06
84553 29 1 5.89719359145843e-05 2.02262029912947e-08 6.97455275561887e-10 4639 193.954505726543 84553 4639 5.89719359145843e-05 3.23549502333159e-06
84572 19 0 5.89851875648199e-05 1.32516502356759e-08 0 4639 183.539381173931 84572 4639 5.89851875648199e-05 3.23549502333159e-06
84624 52 0 5.90214552391491e-05 3.62676743292181e-08 0 4639 207.703813563286 84624 4639 5.90214552391491e-05 3.23549502333159e-06
84653 29 1 5.90416814421404e-05 2.02262029912947e-08 6.97455275561887e-10 4640 205.203470103204 84653 4640 5.90416814421404e-05 3.23619247860716e-06
84673 20 0 5.90556305476517e-05 1.39491055112377e-08 0 4640 194.082328528776 84673 4640 5.90556305476517e-05 3.23619247860716e-06
84701 28 1 5.90751592953674e-05 1.95287477157328e-08 6.97455275561887e-10 4641 192.647818380381 84701 4641 5.90751592953674e-05 3.23688993388272e-06
84725 24 0 5.90918982219809e-05 1.67389266134853e-08 0 4641 187.430865924337 84725 4641 5.90918982219809e-05 3.23688993388272e-06
84743 18 0 5.9104452416941e-05 1.2554194960114e-08 0 4641 177.005116053172 84743 4641 5.9104452416941e-05 3.23688993388272e-06
84757 14 0 5.91142167907989e-05 9.76437385786642e-09 0 4641 164.16053455892 84757 4641 5.91142167907989e-05 3.23688993388272e-06
84780 23 0 5.91302582621368e-05 1.60414713379234e-08 0 4641 162.263961248671 84780 4641 5.91302582621368e-05 3.23688993388272e-06
84785 5 0 5.91337455385146e-05 3.48727637780944e-09 0 4641 142.655022092293 84785 4641 5.91337455385146e-05 3.23688993388272e-06
84816 31 0 5.9155366652057e-05 2.16211135424185e-08 0 4641 152.019973052408 84816 4641 5.9155366652057e-05 3.23688993388272e-06
84830 14 0 5.91651310259149e-05 9.76437385786642e-09 0 4641 142.964636312121 84830 4641 5.91651310259149e-05 3.23688993388272e-06
84839 9 0 5.91714081233949e-05 6.27709748005698e-09 0 4641 130.282631204857 84839 4641 5.91714081233949e-05 3.23688993388272e-06
84857 18 0 5.91839623183551e-05 1.2554194960114e-08 0 4641 128.523977959977 84857 4641 5.91839623183551e-05 3.23688993388272e-06
84871 14 0 5.91937266922129e-05 9.76437385786642e-09 0 4641 123.032041923079 84871 4641 5.91937266922129e-05 3.23688993388272e-06
84896 25 0 5.9211163074102e-05 1.74363818890472e-08 0 4641 129.373012458551 84896 4641 5.9211163074102e-05 3.23688993388272e-06
84917 21 0 5.92258096348888e-05 1.46465607867996e-08 0 4641 130.752311918702 84917 4641 5.92258096348888e-05 3.23688993388272e-06
84950 33 0 5.92488256589823e-05 2.30160240935423e-08 0 4641 143.922426934988 84950 4641 5.92488256589823e-05 3.23688993388272e-06
84996 46 0 5.92809086016582e-05 3.20829426758468e-08 0 4641 168.095163379813 84996 4641 5.92809086016582e-05 3.23688993388272e-06
85036 40 0 5.93088068126806e-05 2.78982110224755e-08 0 4641 182.601864582825 85036 4641 5.93088068126806e-05 3.23688993388272e-06
85071 35 0 5.93332177473253e-05 2.44109346446661e-08 0 4641 189.908480662083 85071 4641 5.93332177473253e-05 3.23688993388272e-06
85117 46 0 5.93653006900012e-05 3.20829426758468e-08 0 4641 207.106975941443 85117 4641 5.93653006900012e-05 3.23688993388272e-06
85172 55 1 5.94036607301571e-05 3.83600401559038e-08 6.97455275561887e-10 4642 230.697148826513 85172 4642 5.94036607301571e-05 3.23758738915828e-06
85226 54 0 5.94413233150374e-05 3.76625848803419e-08 0 4642 249.709638011828 85226 4642 5.94413233150374e-05 3.23758738915828e-06
85246 20 2 5.94552724205486e-05 1.39491055112377e-08 1.39491055112377e-09 4644 231.838694634717 85246 4644 5.94552724205486e-05 3.2389822997094e-06
85323 77 0 5.95089764767669e-05 5.37040562182653e-08 0 4644 273.678057075669 85323 4644 5.95089764767669e-05 3.2389822997094e-06
85403 80 1 5.95647728988119e-05 5.5796422044951e-08 6.97455275561887e-10 4645 312.172065214115 85403 4645 5.95647728988119e-05 3.23967975498497e-06
85483 80 1 5.96205693208568e-05 5.5796422044951e-08 6.97455275561887e-10 4646 344.828075211296 85483 4646 5.96205693208568e-05 3.24037721026053e-06
85613 130 0 5.97112385066799e-05 9.06691858230453e-08 0 4646 422.531477390163 85613 4646 5.97112385066799e-05 3.24037721026053e-06
85697 84 0 5.97698247498271e-05 5.85862431471985e-08 0 4646 442.45038791883 85697 4646 5.97698247498271e-05 3.24037721026053e-06
85771 74 2 5.98214364402186e-05 5.16116903915797e-08 1.39491055112377e-09 4648 449.348398097911 85771 4648 5.98214364402186e-05 3.24177212081165e-06
85906 135 0 5.99155929024195e-05 9.41564622008548e-08 0 4648 516.200256614659 85906 4648 5.99155929024195e-05 3.24177212081165e-06
86045 139 1 6.00125391857226e-05 9.69462833031023e-08 6.97455275561887e-10 4649 576.913367709801 86045 4649 6.00125391857226e-05 3.24246957608721e-06
86202 157 1 6.01220396639858e-05 1.09500478263216e-07 6.97455275561887e-10 4650 646.418733317669 86202 4650 6.01220396639858e-05 3.24316703136278e-06
86381 179 2 6.02468841583114e-05 1.24844494325578e-07 1.39491055112377e-09 4652 727.38292083446 86381 4652 6.02468841583114e-05 3.2445619419139e-06
86570 189 0 6.03787032053926e-05 1.31819047081197e-07 0 4652 806.068086262096 86570 4652 6.03787032053926e-05 3.2445619419139e-06
86783 213 4 6.05272611790873e-05 1.48557973694682e-07 2.78982110224755e-09 4656 896.819865905129 86783 4656 6.05272611790873e-05 3.24735176301615e-06
