# totalCases dailyCases dailyDeceased totalCasesNormalized dailyCasesNormalized dailyDeceasedNormalized totalDeceased Sick totalCasesAveraged totalDeathsAv
1 1 0 1.9865138356815e-08 1.9865138356815e-08 0 0 1 1 0 1.9865138356815e-08 0
3 2 0 5.95954150704449e-08 3.97302767136299e-08 0 0 2.84834008138958 3 0 5.95954150704449e-08 0
9 6 0 1.78786245211335e-07 1.1919083014089e-07 0 0 8.41636105647124 9 0 1.78786245211335e-07 0
16 7 0 3.17842213709039e-07 1.39055968497705e-07 0 0 14.1399364236509 16 0 3.17842213709039e-07 0
34 18 0 6.75414704131708e-07 3.57572490422669e-07 0 0 29.9954748164835 34 0 6.75414704131708e-07 0
45 11 0 8.93931226056673e-07 2.18516521924964e-07 0 0 36.4463635471347 45 0 8.93931226056673e-07 0
57 12 0 1.13231288633845e-06 2.38381660281779e-07 0 0 42.9189110179304 57 0 1.13231288633845e-06 0
65 8 0 1.29123399319297e-06 1.5892110685452e-07 0 0 44.4098324661032 65 0 1.29123399319297e-06 0
102 37 0 2.02624411239513e-06 7.35010119202153e-07 0 0 74.6746408887916 102 0 2.02624411239513e-06 0
128 26 0 2.54273770967231e-06 5.16493597277189e-07 0 0 89.3494909293351 128 0 2.54273770967231e-06 0
158 30 0 3.13869186037676e-06 5.95954150704449e-07 0 0 105.79875440711 158 0 3.13869186037676e-06 0
210 52 1 4.17167905493114e-06 1.03298719455438e-06 1.9865138356815e-08 1 141.753323924643 210 1 4.17167905493114e-06 1.9865138356815e-08
235 25 1 4.66830751385151e-06 4.96628458920374e-07 1.9865138356815e-08 2 145.255026355475 235 2 4.66830751385151e-06 3.97302767136299e-08
306 71 1 6.07873233718538e-06 1.41042482333386e-06 1.9865138356815e-08 3 194.22566088065 306 3 6.07873233718538e-06 5.95954150704449e-08
378 72 0 7.50902229887605e-06 1.43028996169068e-06 0 3 236.769412959435 378 3 7.50902229887605e-06 5.95954150704449e-08
470 92 1 9.33661502770303e-06 1.82759272882698e-06 1.9865138356815e-08 4 292.86098306057 470 4 9.33661502770303e-06 7.94605534272598e-08
491 21 2 9.75378293319614e-06 4.17167905493114e-07 3.97302767136299e-08 6 269.445710205436 491 6 9.75378293319614e-06 1.1919083014089e-07
539 48 0 1.07073095743233e-05 9.53526641127118e-07 0 6 276.581595725753 539 6 1.07073095743233e-05 1.1919083014089e-07
608 69 0 1.20780041209435e-05 1.37069454662023e-06 0 6 303.635253428845 608 6 1.20780041209435e-05 1.1919083014089e-07
702 94 4 1.39453271264841e-05 1.86732300554061e-06 7.94605534272598e-08 10 351.585955606572 702 10 1.39453271264841e-05 1.9865138356815e-07
798 96 4 1.58523804087383e-05 1.90705328225424e-06 7.94605534272598e-08 14 394.264458194712 798 14 1.58523804087383e-05 2.78111936995409e-07
906 108 2 1.79978153512743e-05 2.14543494253601e-06 3.97302767136299e-08 16 442.470342553921 906 16 1.79978153512743e-05 3.17842213709039e-07
1065 159 1 2.11563723500079e-05 3.15855699873358e-06 1.9865138356815e-08 17 534.365326414668 1065 17 2.11563723500079e-05 3.37707352065854e-07
1161 96 2 2.30634256322622e-05 1.90705328225424e-06 3.97302767136299e-08 19 549.323524502389 1161 19 2.30634256322622e-05 3.77437628779484e-07
1267 106 6 2.51691302980845e-05 2.10570466582239e-06 1.1919083014089e-07 25 572.013163485567 1267 25 2.51691302980845e-05 4.96628458920374e-07
1406 139 7 2.79303845296818e-05 2.76125423159728e-06 1.39055968497705e-07 32 624.261693667257 1406 32 2.79303845296818e-05 6.35684427418078e-07
1485 79 3 2.94997304598702e-05 1.56934593018838e-06 5.95954150704449e-08 35 608.586216014077 1485 35 2.94997304598702e-05 6.95279842488523e-07
1579 94 11 3.13670534654108e-05 1.86732300554061e-06 2.18516521924964e-07 46 610.288080025958 1579 46 3.13670534654108e-05 9.13796364413488e-07
1780 201 4 3.53599462751306e-05 3.99289280971981e-06 7.94605534272598e-08 50 718.731839480312 1780 50 3.53599462751306e-05 9.93256917840748e-07
2054 274 5 4.08029941848979e-05 5.4430479097673e-06 9.93256917840748e-08 55 883.72902720201 2054 55 4.08029941848979e-05 1.09258260962482e-06
2223 169 14 4.41602025671996e-05 3.35720838230173e-06 2.78111936995409e-07 69 918.702754862887 2223 69 4.41602025671996e-05 1.37069454662023e-06
2473 250 11 4.91264871564034e-05 4.96628458920374e-06 2.18516521924964e-07 80 1029.37236983321 2473 80 4.91264871564034e-05 1.5892110685452e-06
2709 236 20 5.38146598086117e-05 4.68817265220833e-06 3.97302767136299e-07 100 1109.25784000449 2709 100 5.38146598086117e-05 1.9865138356815e-06
2776 67 9 5.51456240785183e-05 1.3309642699066e-06 1.78786245211335e-07 109 1008.02788627144 2776 109 5.51456240785183e-05 2.16530008089283e-06
2852 76 3 5.66553745936362e-05 1.50975051511794e-06 5.95954150704449e-08 112 931.150459082478 2852 112 5.66553745936362e-05 2.22489549596327e-06
2979 127 15 5.91782471649517e-05 2.5228725713155e-06 2.97977075352224e-07 127 916.932256243974 2979 127 5.91782471649517e-05 2.5228725713155e-06
3105 126 4 6.16812545979104e-05 2.50300743295868e-06 7.94605534272598e-08 131 903.870384890743 3105 131 6.16812545979104e-05 2.60233312474276e-06
3233 128 13 6.42239923075827e-05 2.54273770967231e-06 2.58246798638594e-07 144 894.789475883844 3233 144 6.42239923075827e-05 2.86057992338135e-06
3439 206 9 6.83162108090866e-05 4.09221850150388e-06 1.78786245211335e-07 153 965.085776797839 3439 153 6.83162108090866e-05 3.03936616859269e-06
3621 182 13 7.19316659900269e-05 3.61545518094032e-06 2.58246798638594e-07 166 1000.7209464366 3621 166 7.19316659900269e-05 3.29761296723128e-06
3792 171 13 7.53286046490423e-05 3.39693865901536e-06 2.58246798638594e-07 179 1019.95168914829 3792 179 7.53286046490423e-05 3.55585976586988e-06
3977 185 10 7.90036552450531e-05 3.67505059601077e-06 1.9865138356815e-07 189 1050.2658989855 3977 189 7.90036552450531e-05 3.75451114943803e-06
4149 172 7 8.24204590424252e-05 3.41680379737217e-06 1.39055968497705e-07 196 1062.98265822606 4149 196 8.24204590424252e-05 3.89356711793573e-06
4356 207 10 8.65325426822859e-05 4.1120836398607e-06 1.9865138356815e-07 206 1108.7707947952 4356 206 8.65325426822859e-05 4.09221850150388e-06
4561 205 9 9.0604896045433e-05 4.07235336314707e-06 1.78786245211335e-07 215 1145.61470629895 4561 215 9.0604896045433e-05 4.27100474671521e-06
4881 320 10 9.69617403196138e-05 6.35684427418078e-06 1.9865138356815e-07 225 1291.87087318275 4881 225 9.69617403196138e-05 4.46965613028336e-06
5142 261 8 0.000102146541430742 5.1848011111287e-06 1.5892110685452e-07 233 1356.94584170068 5142 233 0.000102146541430742 4.62857723713788e-06
5379 237 10 0.000106854579221308 4.70803779056514e-06 1.9865138356815e-07 243 1388.15154578961 5379 243 0.000106854579221308 4.82722862070603e-06
5597 218 10 0.000111185179383093 4.33060016178566e-06 1.9865138356815e-07 253 1395.62459533623 5597 253 0.000111185179383093 5.02588000427418e-06
5949 352 16 0.000118177708084692 6.99252870159886e-06 3.17842213709039e-07 269 1535.96428279683 5949 269 0.000118177708084692 5.34372221798322e-06
6211 262 9 0.000123382374334178 5.20466624948552e-06 1.78786245211335e-07 278 1565.02006467935 6211 278 0.000123382374334178 5.52250846319456e-06
6507 296 15 0.000129262455287795 5.88008095361723e-06 2.97977075352224e-07 293 1623.66924904641 6507 293 0.000129262455287795 5.82048553854678e-06
7006 499 21 0.000139175159327846 9.91270404005066e-06 4.17167905493114e-07 314 1876.42370288579 7006 314 0.000139175159327846 6.23765344403989e-06
7285 279 10 0.000144717532929397 5.54237360155137e-06 1.9865138356815e-07 324 1870.84543682746 7285 324 0.000144717532929397 6.43630482760804e-06
7668 383 16 0.000152325880920057 7.60834799066013e-06 3.17842213709039e-07 340 1970.11317014553 7668 340 0.000152325880920057 6.75414704131708e-06
7973 305 18 0.000158384748118886 6.05886719882856e-06 3.57572490422669e-07 358 1976.32596710794 7973 358 0.000158384748118886 7.11171953173975e-06
8613 640 20 0.000171098436667247 1.27136885483616e-05 3.97302767136299e-07 378 2316.59653178869 8613 378 0.000171098436667247 7.50902229887605e-06
8959 346 19 0.000177971774538705 6.87333787145797e-06 3.77437628779484e-07 397 2311.26169032444 8959 397 0.000177971774538705 7.88645992765554e-06
9456 497 10 0.000187844748302042 9.87297376333703e-06 1.9865138356815e-07 407 2457.73593048245 9456 407 0.000187844748302042 8.08511131122369e-06
10051 595 21 0.000199664505624347 1.18197573223049e-05 4.17167905493114e-07 428 2679.99589929957 10051 428 0.000199664505624347 8.5022792167168e-06
10495 444 17 0.000208484627054773 8.82012143042584e-06 3.37707352065854e-07 445 2717.54793933554 10495 445 0.000208484627054773 8.83998656878265e-06
11063 568 18 0.000219768025641444 1.12833985866709e-05 3.57572490422669e-07 463 2873.404840036 11063 463 0.000219768025641444 9.19755905920532e-06
11613 550 16 0.000230693851737692 1.09258260962482e-05 3.17842213709039e-07 479 2987.62449586135 11613 479 0.000230693851737692 9.51540127291436e-06
12272 659 14 0.000243784977914833 1.30911261771411e-05 2.78111936995409e-07 493 3193.52160798052 12272 493 0.000243784977914833 9.79351320990977e-06
12930 658 16 0.000256856238953617 1.30712610387842e-05 3.17842213709039e-07 509 3367.19238083357 12930 509 0.000256856238953617 1.01113554236188e-05
13610 680 16 0.000270364533036252 1.35082940826342e-05 3.17842213709039e-07 525 3536.52425841072 13610 525 0.000270364533036252 1.04291976373279e-05
14216 606 21 0.000282402806880481 1.20382738442299e-05 4.17167905493114e-07 546 3606.17527721638 14216 546 0.000282402806880481 1.0846365542821e-05
14939 723 16 0.000296765301912459 1.43624950319772e-05 3.17842213709039e-07 562 3782.26302817883 14939 562 0.000296765301912459 1.116420775653e-05
15574 635 12 0.000309379664769036 1.26143628565775e-05 2.38381660281779e-07 574 3843.64532516203 15574 574 0.000309379664769036 1.14025894168118e-05
16295 721 18 0.0003237024295243 1.43227647552636e-05 3.57572490422669e-07 592 3981.71838798063 16295 592 0.0003237024295243 1.17601619072345e-05
16935 640 21 0.000336416118072661 1.27136885483616e-05 4.17167905493114e-07 613 4017.85130132987 16935 613 0.000336416118072661 1.21773298127276e-05
17687 752 17 0.000351354702116986 1.49385840443248e-05 3.37707352065854e-07 630 4160.50429998141 17687 630 0.000351354702116986 1.25150371647934e-05
18330 643 22 0.000364127986080418 1.2773283963432e-05 4.37033043849929e-07 652 4172.52255646792 18330 652 0.000364127986080418 1.29520702086433e-05
19131 801 30 0.000380039961904227 1.59119758238088e-05 5.95954150704449e-07 682 4340.71812515385 19131 682 0.000380039961904227 1.35480243593478e-05
20177 1046 23 0.000400818896625455 2.07789347212284e-05 4.56898182206744e-07 705 4728.40516758224 20177 705 0.000400818896625455 1.40049225415545e-05
21175 998 22 0.000420644304705557 1.98254080801013e-05 4.37033043849929e-07 727 5009.29562470963 21175 727 0.000420644304705557 1.44419555854045e-05
21981 806 23 0.000436655606221149 1.60113015155929e-05 4.56898182206744e-07 750 5055.58625797063 21981 750 0.000436655606221149 1.48988537676112e-05
23003 1022 26 0.000456957777621814 2.03021714006649e-05 5.16493597277189e-07 776 5310.85645755884 23003 776 0.000456957777621814 1.54153473648884e-05
24104 1101 27 0.000478829294952668 2.18715173308533e-05 5.36358735634004e-07 803 5606.41239945384 24104 803 0.000478829294952668 1.59517061005224e-05
25366 1262 19 0.000503899099558968 2.50698046063005e-05 3.77437628779484e-07 822 6018.14435125622 25366 822 0.000503899099558968 1.63291437293019e-05
26688 1322 31 0.000530160812466677 2.62617129077094e-05 6.15819289061264e-07 853 6427.43306875894 26688 853 0.000530160812466677 1.69449630183632e-05
28236 1548 37 0.000560912046643027 3.07512341763495e-05 7.35010119202153e-07 890 7000.64909267703 28236 890 0.000560912046643027 1.76799731375653e-05
29383 1147 49 0.000583697360338294 2.27853136952667e-05 9.73391779483933e-07 939 7085.93122106152 29383 939 0.000583697360338294 1.86533649170492e-05
30493 1110 30 0.000605747663914358 2.20503035760646e-05 5.95954150704449e-07 969 7121.27946879629 30493 969 0.000605747663914358 1.92493190677537e-05
31833 1340 40 0.00063236694931249 2.6619285398132e-05 7.94605534272598e-07 1009 7381.26680415659 31833 1009 0.00063236694931249 2.00439246020263e-05
33354 1521 36 0.000662581824753206 3.02148754407155e-05 7.15144980845338e-07 1045 7782.8244813964 33354 1045 0.000662581824753206 2.07590695828716e-05
35120 1766 42 0.000697663659091341 3.50818343381352e-05 8.34335810986228e-07 1087 8368.48195398863 35120 1087 0.000697663659091341 2.15934053938579e-05
36635 1515 58 0.000727759343701916 3.00956846105747e-05 1.15217802469527e-06 1145 8614.31866195394 36635 1145 0.000727759343701916 2.27455834185531e-05
38027 1392 60 0.000755411616294602 2.76522725926864e-05 1.1919083014089e-06 1205 8699.87179479778 38027 1205 0.000755411616294602 2.3937491719962e-05
39236 1209 54 0.000779428568567991 2.40169522733893e-05 1.07271747126801e-06 1259 8589.44994647765 39236 1259 0.000779428568567991 2.501020919123e-05
40719 1483 49 0.000808888568751148 2.94600001831566e-05 9.73391779483933e-07 1308 8769.77466668657 40719 1308 0.000808888568751148 2.5983600970714e-05
42078 1359 64 0.00083588529177806 2.69967230269115e-05 1.27136885483616e-06 1372 8798.75135450516 42078 1372 0.00083588529177806 2.72549698255501e-05
43682 1604 61 0.000867748973702391 3.18636819243312e-05 1.21177343976571e-06 1433 9068.33344020758 43682 1433 0.000867748973702391 2.84667432653158e-05
43682 0 0 0.000867748973702391 0 0 1433 7693.03072873354 43682 1433 0.000867748973702391 2.84667432653158e-05
46858 3176 112 0.000930840653123635 6.30916794212443e-05 2.22489549596327e-06 1545 9702.30631454635 46858 1545 0.000930840653123635 3.06916387612791e-05
48746 1888 47 0.000968346034341302 3.75053812176666e-05 9.33661502770303e-07 1592 10118.8553285489 48746 1592 0.000968346034341302 3.16253002640494e-05
50939 2193 75 0.0010119102827578 4.35642484164952e-05 1.48988537676112e-06 1667 10777.2305529905 50939 1667 0.0010119102827578 3.31151856408105e-05
53063 2124 59 0.00105410383662767 4.2193553869875e-05 1.17204316305208e-06 1726 11266.7566444783 53063 1726 0.00105410383662767 3.42872288038626e-05
54931 1868 75 0.0010912119150782 3.71080784505303e-05 1.48988537676112e-06 1801 11426.0412487733 54931 1801 0.0010912119150782 3.57771141806237e-05
57046 2115 63 0.00113322668270287 4.20147676246636e-05 1.25150371647934e-06 1864 11808.168762945 57046 1864 0.00113322668270287 3.70286178971031e-05
60217 3171 86 0.00119621903643233 6.29923537294602e-05 1.70840189868609e-06 1950 13188.3428494187 60217 1950 0.00119621903643233 3.87370197957892e-05
63276 3059 95 0.00125698649466582 6.07674582334969e-05 1.88718814389742e-06 2045 14247.1998462695 63276 2045 0.00125698649466582 4.06242079396866e-05
65633 2357 81 0.00130380862577284 4.68221311070128e-05 1.60907620690201e-06 2126 14443.4706771579 65633 2126 0.00130380862577284 4.22332841465886e-05
68652 3019 111 0.00136378147847206 5.99728526992243e-05 2.20503035760646e-06 2237 15271.9750898081 68652 2237 0.00136378147847206 4.4438314504195e-05
71183 2531 73 0.00141406014365316 5.02786651810986e-05 1.45015510004749e-06 2310 15486.8285906674 71183 2310 0.00141406014365316 4.58884696042425e-05
73572 2389 94 0.00146151795918759 4.74578155344309e-05 1.86732300554061e-06 2404 15527.0974270733 73572 2404 0.00146151795918759 4.77557926097831e-05
77113 3541 87 0.00153186041410907 7.03424549214817e-05 1.7282670370429e-06 2491 16713.2590950273 77113 2491 0.00153186041410907 4.9484059646826e-05
80599 3486 163 0.00160111028642093 6.92498723118569e-05 3.23801755216084e-06 2654 17664.5275809606 80599 2654 0.00160111028642093 5.27220771989869e-05
84442 3843 157 0.00167745201312617 7.63417267052399e-05 3.11882672201995e-06 2811 18828.5267657406 84442 2811 0.00167745201312617 5.58409039210068e-05
88591 4149 128 0.00175987247216859 8.24204590424252e-05 2.54273770967231e-06 2939 20121.9939288942 88591 2939 0.00175987247216859 5.83836416306792e-05
91769 3178 167 0.00182300388186655 6.31314096979579e-05 3.3174781055881e-06 3106 20248.2939673587 91769 3106 0.00182300388186655 6.17011197362672e-05
95043 3274 117 0.00188804234484676 6.50384629802122e-05 2.32422118774735e-06 3223 20451.4393522692 95043 3223 0.00188804234484676 6.40253409240146e-05
97846 2803 111 0.00194372432766092 5.56819828141523e-05 2.20503035760646e-06 3334 20152.7757246381 97846 3334 0.00194372432766092 6.62303712816211e-05
102009 4163 136 0.00202642289864034 8.26985709794206e-05 2.70165881652683e-06 3470 21259.4073984655 102009 3470 0.00202642289864034 6.89320300981479e-05
106110 4101 171 0.00210788983104163 8.14669324012981e-05 3.39693865901536e-06 3641 22136.2074027084 106110 3641 0.00210788983104163 7.23289687571633e-05
109505 3395 136 0.00217533197576302 6.74421447213868e-05 2.70165881652683e-06 3777 22174.0319896703 109505 3777 0.00217533197576302 7.50306275736901e-05
113389 3884 165 0.00225248817314089 7.71561973778693e-05 3.27774782887447e-06 3942 22695.120102852 113389 3942 0.00225248817314089 7.83083754025645e-05
117110 3721 122 0.0023264063529666 7.39181798257084e-05 2.42354687953142e-06 4064 22974.1800351998 117110 4064 0.0023264063529666 8.0731922282096e-05
120281 3171 146 0.00238939870669606 6.29923537294602e-05 2.90031020009498e-06 4210 22660.9177609202 120281 4210 0.00238939870669606 8.3632232482191e-05
124494 4213 149 0.00247309053459332 8.36918278972614e-05 2.95990561516543e-06 4359 23437.1648176616 124494 4359 0.00247309053459332 8.65921380973564e-05
128638 4144 168 0.00255541166794396 8.23211333506412e-05 3.33734324394491e-06 4527 24026.686308956 128638 4527 0.00255541166794396 8.99294813413013e-05
133973 5335 187 0.00266139218107757 0.000105980513133608 3.7147808727244e-06 4714 25717.8010188617 133973 4714 0.00266139218107757 9.36442622140257e-05
140776 6803 211 0.00279653471731898 0.000135142536241412 4.19154419328795e-06 4925 28620.4414095021 140776 4925 0.00279653471731898 9.78358064073136e-05
145362 4586 194 0.00288763624182334 9.11015245043534e-05 3.8538368412221e-06 5119 28865.8675947427 145362 5119 0.00288763624182334 0.000101689643248536
150445 5083 188 0.00298861074009103 0.00010097449826769 3.73464601108121e-06 5307 29571.0724647049 150445 5307 0.00298861074009103 0.000105424289259617
154227 3782 148 0.0030637406933565 7.51299532654742e-05 2.94004047680861e-06 5455 28868.3260214849 154227 5455 0.0030637406933565 0.000108364329736426
159898 5671 170 0.003176395892978 0.000112655199621498 3.37707352065854e-06 5625 30161.1580466474 159898 5625 0.003176395892978 0.000111741403257084
165169 5271 189 0.00328110503725677 0.000104709144278772 3.75451114943803e-06 5814 30857.9192720968 165169 5814 0.00328110503725677 0.000115495914406522
173206 8037 215 0.00344076115423049 0.000159656116973722 4.27100474671521e-06 6029 34215.0097468037 173206 6029 0.00344076115423049 0.000119766919153237
182140 8934 259 0.00361823630031028 0.000177475146079785 5.14507083441507e-06 6288 37959.9641533487 182140 6288 0.00361823630031028 0.000124911989987652
190700 8560 228 0.00378828188464461 0.000170045584334336 4.52925154535381e-06 6516 40762.9590793973 190700 6516 0.00378828188464461 0.000129441241533006
197278 6578 220 0.00391895476475574 0.000130672880111129 4.37033043849929e-06 6736 41158.852023096 197278 6736 0.00391895476475574 0.000133811571971506
204005 6727 193 0.00405258755048203 0.000133632785726294 3.83397170286529e-06 6929 41643.7038751749 204005 6929 0.00405258755048203 0.000137645543674371
211038 7033 237 0.00419229906854551 0.00013971151806348 4.70803779056514e-06 7166 42361.0231348295 211038 7166 0.00419229906854551 0.000142353581464936
218428 7390 207 0.00433910244100238 0.000146803372456863 4.1120836398607e-06 7373 43326.5538139471 218428 7373 0.00433910244100238 0.000146465665104797
226373 7945 315 0.00449693096524727 0.000157828524244895 6.25751858239671e-06 7688 44700.6521888539 226373 7688 0.00449693096524727 0.000152723183687193
233541 7168 287 0.00463932427698892 0.00014239331174165 5.70129470840589e-06 7975 45089.3549160596 233541 7975 0.00463932427698892 0.000158424478395599
240795 7254 294 0.00478342599062926 0.000144101713640336 5.8403506769036e-06 8269 45505.1070192936 240795 8269 0.00478342599062926 0.000164264829072503
248976 8181 256 0.00494594268752636 0.000162516696897103 5.08547541934463e-06 8525 46784.806192389 248976 8525 0.00494594268752636 0.000169350304491847
257101 8125 252 0.00510734693667548 0.000161404249149122 5.00601486591737e-06 8777 47814.426293047 257101 8777 0.00510734693667548 0.000174356319357765
