# totalCases dailyCases dailyDeceased totalCasesNormalized dailyCasesNormalized dailyDeceasedNormalized totalDeceased Sick totalCasesAveraged totalDeathsAv
0 0 0 0 0 0 0 0 0 0 0 0
0 0 0 0 0 0 0 0 0 0 0 0
0 0 0 0 0 0 0 0 0 0 0 0
0 0 0 0 0 0 0 0 0 0 0 0
0 0 0 0 0 0 0 0 0 0 0 0
0 0 0 0 0 0 0 0 0 0 0 0
0 0 0 0 0 0 0 0 0 0 0 0
0 0 0 0 0 0 0 0 0 0 0 0
0 0 0 0 0 0 0 0 0 0 0 0
0 0 0 0 0 0 0 0 0 0 0 0
0 0 0 0 0 0 0 0 0 0 0 0
0 0 0 0 0 0 0 0 0 0 0 0
0 0 0 0 0 0 0 0 0 0 0 0
0 0 0 0 0 0 0 0 0 0 0 0
0 0 0 0 0 0 0 0 0 0 0 0
0 0 0 0 0 0 0 0 0 0 0 0
0 0 0 0 0 0 0 0 0 0 0 0
0 0 0 0 0 0 0 0 0 0 0 0
0 0 0 0 0 0 0 0 0 0 0 0
0 0 0 0 0 0 0 0 0 0 0 0
0 0 0 0 0 0 0 0 0 0 0 0
0 0 0 0 0 0 0 0 0 0 0 0
0 0 0 0 0 0 0 0 0 0 0 0
0 0 0 0 0 0 0 0 0 0 0 0
0 0 0 0 0 0 0 0 0 0 0 0
0 0 0 0 0 0 0 0 0 0 0 0
0 0 0 0 0 0 0 0 0 0 0 0
0 0 0 0 0 0 0 0 0 0 0 0
1 1 0 1.20454044776358e-08 1.20454044776358e-08 0 0 1 1 0 1.20454044776358e-08 0
4 3 0 4.81816179105432e-08 3.61362134329074e-08 0 0 3.84834008138958 4 0 4.81816179105432e-08 0
4 0 0 4.81816179105432e-08 0 0 0 3.26470113786082 4 0 4.81816179105432e-08 0
5 1 0 6.0227022388179e-08 1.20454044776358e-08 0 0 3.7695768290055 5 0 6.0227022388179e-08 0
7 2 0 8.43178313434506e-08 2.40908089552716e-08 0 0 5.1978831139228 7 0 8.43178313434506e-08 0
8 1 0 9.63632358210864e-08 1.20454044776358e-08 0 0 5.40957258391879 8 0 9.63632358210864e-08 0
9 1 0 1.08408640298722e-07 1.20454044776358e-08 0 0 5.5891572461245 9 0 1.08408640298722e-07 0
11 2 0 1.32499449253994e-07 2.40908089552716e-08 0 0 6.74150611307642 11 0 1.32499449253994e-07 0
11 0 0 1.32499449253994e-07 0 0 0 5.71908984465559 11 0 1.32499449253994e-07 0
11 0 0 1.32499449253994e-07 0 0 0 4.85173314428944 11 0 1.32499449253994e-07 0
12 1 0 1.4454485373163e-07 1.20454044776358e-08 0 0 5.11591969050703 12 0 1.4454485373163e-07 0
13 1 0 1.56590258209265e-07 1.20454044776358e-08 0 0 5.34003972662728 13 0 1.56590258209265e-07 0
13 0 0 1.56590258209265e-07 0 0 0 4.53016973631058 13 0 1.56590258209265e-07 0
13 0 0 1.56590258209265e-07 0 0 0 3.84312456281032 13 0 1.56590258209265e-07 0
13 0 0 1.56590258209265e-07 0 0 0 3.2602766044048 13 0 1.56590258209265e-07 0
15 2 0 1.80681067164537e-07 2.40908089552716e-08 0 0 4.76582331993331 15 0 1.80681067164537e-07 0
15 0 0 1.80681067164537e-07 0 0 0 4.04303894312058 15 0 1.80681067164537e-07 0
15 0 0 1.80681067164537e-07 0 0 0 3.42987198606815 15 0 1.80681067164537e-07 0
15 0 0 1.80681067164537e-07 0 0 0 2.90969787981689 15 0 1.80681067164537e-07 0
15 0 0 1.80681067164537e-07 0 0 0 2.46841333618295 15 0 1.80681067164537e-07 0
15 0 0 1.80681067164537e-07 0 0 0 2.09405397052057 15 0 1.80681067164537e-07 0
15 0 0 1.80681067164537e-07 0 0 0 1.77646991578559 15 0 1.80681067164537e-07 0
15 0 0 1.80681067164537e-07 0 0 0 1.50705063294369 15 0 1.80681067164537e-07 0
15 0 0 1.80681067164537e-07 0 0 0 1.27849145660966 15 0 1.80681067164537e-07 0
15 0 0 1.80681067164537e-07 0 0 0 1.08459554635612 15 0 1.80681067164537e-07 0
15 0 0 1.80681067164537e-07 0 0 0 0.92010587407053 15 0 1.80681067164537e-07 0
15 0 0 1.80681067164537e-07 0 0 0 0.780562692096024 15 0 1.80681067164537e-07 0
15 0 0 1.80681067164537e-07 0 0 0 0.66218261774241 15 0 1.80681067164537e-07 0
15 0 0 1.80681067164537e-07 0 0 0 0.561756055830361 15 0 1.80681067164537e-07 0
17 2 0 2.04771876119809e-07 2.40908089552716e-08 0 0 2.47656017812422 17 0 2.04771876119809e-07 0
21 4 0 2.52953494030352e-07 4.81816179105432e-08 0 0 6.10096526307609 21 0 2.52953494030352e-07 0
47 26 0 5.66134010448882e-07 3.13180516418531e-07 0 0 31.175693367833 47 0 5.66134010448882e-07 0
57 10 0 6.8658805522524e-07 1.20454044776358e-07 0 0 36.447590249044 57 0 6.8658805522524e-07 0
111 54 0 1.33703989701757e-06 6.50451841792333e-07 0 0 84.919951678328 111 0 1.33703989701757e-06 0
129 18 0 1.55385717761502e-06 2.16817280597444e-07 0 0 90.0409987183919 129 0 1.55385717761502e-06 0
157 28 0 1.89112850298882e-06 3.37271325373802e-07 0 0 104.38538818116 157 0 1.89112850298882e-06 0
196 39 0 2.36089927761662e-06 4.69770774627796e-07 0 0 127.554308705488 196 0 2.36089927761662e-06 0
262 66 0 3.15589597314058e-06 7.94996695523963e-07 0 0 174.209432628805 262 0 3.15589597314058e-06 0
400 138 0 4.81816179105432e-06 1.66226581791374e-06 0 0 285.788844255153 400 0 4.81816179105432e-06 0
684 284 0 8.23905666270289e-06 3.42089487164857e-06 0 0 526.44613139565 684 0 8.23905666270289e-06 0
847 163 0 1.02024575925575e-05 1.96340092985464e-06 0 0 609.605353955415 847 0 1.02024575925575e-05 0
902 55 0 1.08649548388275e-05 6.62497246269969e-07 0 0 572.15265559006 902 0 1.08649548388275e-05 0
1139 237 2 1.37197157000272e-05 2.85476086119968e-06 2.40908089552716e-08 2 722.380030410536 1139 2 1.37197157000272e-05 2.40908089552716e-08
1296 157 0 1.5610844203016e-05 1.89112850298882e-06 0 2 769.823933792681 1296 2 1.5610844203016e-05 2.40908089552716e-08
1567 271 1 1.88751488164553e-05 3.2643046134393e-06 1.20454044776358e-08 3 924.072498649329 1567 3 1.88751488164553e-05 3.61362134329074e-08
2369 802 2 2.85355632075192e-05 9.66041439106391e-06 2.40908089552716e-08 5 1585.92773871404 2369 5 2.85355632075192e-05 6.0227022388179e-08
3062 693 0 3.68830285105208e-05 8.34746530300161e-06 0 5 2038.40606693866 3062 5 3.68830285105208e-05 6.0227022388179e-08
3795 733 3 4.57123099926279e-05 8.82928148210704e-06 3.61362134329074e-08 8 2462.26156873176 3795 8 4.57123099926279e-05 9.63632358210864e-08
4838 1043 4 5.8275666862802e-05 1.25633568701741e-05 4.81816179105432e-08 12 3131.83517962033 4838 12 5.8275666862802e-05 1.4454485373163e-07
6012 1174 1 7.24169717195464e-05 1.41413048567444e-05 1.20454044776358e-08 13 3830.86131117786 6012 13 7.24169717195464e-05 1.56590258209265e-07
7156 1144 0 8.61969144419618e-05 1.37799427224154e-05 0 13 4393.87319651682 7156 13 8.61969144419618e-05 1.56590258209265e-07
8198 1042 0 9.87482259076583e-05 1.25513114656965e-05 0 13 4769.49874514857 8198 13 9.87482259076583e-05 1.56590258209265e-07
14138 5940 30 0.000170297928504815 7.15497025971566e-05 3.61362134329074e-07 43 9986.15695364683 14138 43 0.000170297928504815 5.17952392538339e-07
18187 4049 2 0.000219069771234762 4.87718427299473e-05 2.40908089552716e-08 45 12520.6572028259 18187 45 0.000219069771234762 5.42043201493611e-07
21463 3276 22 0.000258530516303497 3.94607450687349e-05 2.64998898507988e-07 67 13897.7753504963 21463 67 0.000258530516303497 8.07042100001598e-07
24774 3311 27 0.000298412850528949 3.98823342254521e-05 3.25225920896167e-07 94 15101.0398719741 24774 94 0.000298412850528949 1.13226802089776e-06
29212 4438 32 0.000351870355600697 5.34575050717477e-05 3.85452943284346e-07 126 17248.8173940578 29212 126 0.000351870355600697 1.51772096418211e-06
31554 2342 23 0.00038008069288732 2.8210337286623e-05 2.77044302985623e-07 149 16974.863151949 31554 149 0.00038008069288732 1.79476526716773e-06
36508 4954 49 0.000439753626669528 5.96729337822077e-05 5.90224819404154e-07 198 19354.4567879014 36508 198 0.000439753626669528 2.38499008657189e-06
42288 5780 55 0.000509376064550263 6.96224378807349e-05 6.62497246269969e-07 253 22199.1614466994 42288 253 0.000509376064550263 3.04748733284186e-06
48582 6294 72 0.000585189840332502 7.58137757822397e-05 8.67269122389777e-07 325 25126.4384284733 48582 325 0.000585189840332502 3.91475645523163e-06
52547 3965 64 0.000632949869086328 4.77600287538259e-05 7.70905886568691e-07 389 25280.7648214413 52547 389 0.000632949869086328 4.68566234180033e-06
57298 4751 66 0.000690177585759576 5.72277166732477e-05 7.94996695523963e-07 455 26197.6860862124 57298 455 0.000690177585759576 5.48065903732429e-06
61913 4615 128 0.000745767127423865 5.55895416642892e-05 1.54181177313738e-06 583 26839.547146596 61913 583 0.000745767127423865 7.02247081046167e-06
67366 5453 149 0.000811450718040413 6.5683590616548e-05 1.79476526716773e-06 732 28222.0636108027 67366 732 0.000811450718040413 8.8172360776294e-06
73522 6156 140 0.000885602228004739 7.4151509964326e-05 1.68635662686901e-06 872 30097.9077405703 73522 872 0.000885602228004739 1.05035927044984e-05
79696 6174 145 0.000959970555249663 7.43683272449234e-05 1.74658364925719e-06 1017 31707.2615022914 79696 1017 0.000959970555249663 1.22501763537556e-05
85778 6082 141 0.00103323070528264 7.32601500329809e-05 1.69840203134665e-06 1158 32980.5408034946 85778 1158 0.00103323070528264 1.39485783851023e-05
91714 5936 184 0.00110473222626189 7.15015209792461e-05 2.21635442388499e-06 1342 33914.714669509 91714 1342 0.00110473222626189 1.61649328089872e-05
95391 3677 92 0.00114902317852616 4.42909522642668e-05 1.10817721194249e-06 1434 32448.2118030356 95391 1434 0.00114902317852616 1.72731100209297e-05
99225 3834 173 0.00119520525929341 4.61820807672556e-05 2.08385497463099e-06 1607 31361.1186419335 99225 1607 0.00119520525929341 1.93569649955607e-05
103228 4003 254 0.00124342301341739 4.82177541239761e-05 3.05953273731949e-06 1861 30607.8939411661 103228 1861 0.00124342301341739 2.24164977328802e-05
108202 4974 246 0.00130333685528915 5.99138418717605e-05 2.96316950149841e-06 2107 30939.9032372125 108202 2107 0.00130333685528915 2.53796672343786e-05
113525 5323 266 0.0013674545433236 6.41176880344553e-05 3.20407759105112e-06 2373 31570.5600304426 113525 2373 0.0013674545433236 2.85837448254297e-05
117658 4133 171 0.00141723820002967 4.97836567060688e-05 2.05976416567572e-06 2544 30915.5714657402 117658 2544 0.00141723820002967 3.06435089911055e-05
120479 2821 129 0.00145121828606108 3.39800860314106e-05 1.55385717761502e-06 2673 29047.9184134514 120479 2673 0.00145121828606108 3.21973661687205e-05
123016 2537 126 0.00148177747722085 3.0559191159762e-05 1.51772096418211e-06 2799 27179.5134710653 123016 2799 0.00148177747722085 3.37150871329026e-05
125098 2082 170 0.00150685600934328 2.50785321224377e-05 2.04771876119809e-06 2969 25139.4706701727 125098 2969 0.00150685600934328 3.57628058941007e-05
127584 2486 285 0.00153680088487469 2.99448755314026e-05 3.4329402761262e-06 3254 23812.8205944252 127584 3254 0.00153680088487469 3.91957461702269e-05
130450 2866 315 0.00157132301410759 3.45221292329042e-05 3.79430241045528e-06 3569 23067.3701611901 130450 3569 0.00157132301410759 4.29900485806822e-05
133830 3380 299 0.001612036481242 4.0713467134409e-05 3.6015759388131e-06 3868 22948.9746799876 133830 3868 0.001612036481242 4.65916245194953e-05
137439 3609 242 0.00165550834600179 4.34718647597876e-05 2.91498788358786e-06 4110 23077.5350478281 137439 4110 0.00165550834600179 4.95066124030831e-05
139897 2458 184 0.00168511595020782 2.96076042060288e-05 2.21635442388499e-06 4294 22035.5979607453 139897 4294 0.00168511595020782 5.17229668269681e-05
141672 1775 110 0.00170649654315562 2.13805929478035e-05 1.32499449253994e-06 4404 20468.6809674868 141672 4404 0.00170649654315562 5.3047961319508e-05
143457 1785 194 0.0017279975901482 2.15010469925799e-05 2.33680846866134e-06 4598 19149.402477895 143457 4598 0.0017279975901482 5.53847697881694e-05
145694 2237 281 0.00175494315996467 2.69455698164713e-05 3.38475865821566e-06 4879 18482.2056566593 145694 4879 0.00175494315996467 5.87695284463851e-05
148046 2352 215 0.00178327395129607 2.83307913313994e-05 2.5897619626917e-06 5094 18031.1958510293 148046 5094 0.00178327395129607 6.13592904090768e-05
150383 2337 227 0.0018114240615603 2.81501102642349e-05 2.73430681642333e-06 5321 17633.5861558136 150383 5321 0.0018114240615603 6.40935972255001e-05
152438 2055 179 0.00183617736776185 2.47533062015416e-05 2.15612740149681e-06 5500 17014.2779146131 152438 5500 0.00183617736776185 6.62497246269969e-05
154175 1737 140 0.0018571002353395 2.09228675776534e-05 1.68635662686901e-06 5640 16170.8939108678 154175 5640 0.0018571002353395 6.79360812538659e-05
155193 1018 110 0.00186936245709773 1.22622217582332e-05 1.32499449253994e-06 5750 14736.4174564878 155193 5750 0.00186936245709773 6.92610757464058e-05
156337 1144 163 0.00188314239982015 1.37799427224154e-05 1.96340092985464e-06 5913 13645.4935844277 156337 5913 0.00188314239982015 7.12244766762605e-05
157641 1304 202 0.00189884960725898 1.57072074388371e-05 2.43317170448243e-06 6115 12880.0191380144 157641 6115 0.00189884960725898 7.36576483807429e-05
159119 1478 173 0.00191665271507693 1.78031078179457e-05 2.08385497463099e-06 6288 12404.6364838425 159119 6288 0.00191665271507693 7.57415033553739e-05
159119 0 0 0.00191665271507693 0 0 6288 10523.3503243111 159119 6288 0.00191665271507693 7.57415033553739e-05
161703 2584 287 0.00194777804024714 3.11253251702109e-05 3.45703108508147e-06 6575 11511.3798706171 161703 6575 0.00194777804024714 7.91985344404554e-05
162496 793 74 0.00195733004599791 9.55200575076519e-06 8.91359931345049e-07 6649 10558.5649363457 162496 6649 0.00195733004599791 8.00898943718004e-05
163175 679 43 0.00196550887563822 8.17882964031471e-06 5.17952392538339e-07 6692 9636.25383745666 163175 6692 0.00196550887563822 8.06078467643388e-05
163860 685 139 0.0019737599777054 8.25110206718052e-06 1.67431122239138e-06 6831 8859.82036475863 163860 6831 0.0019737599777054 8.22821579867301e-05
164897 1037 165 0.00198625106214871 1.24910844433083e-05 1.98749173880991e-06 6996 8553.14072933639 164897 6996 0.00198625106214871 8.426964972554e-05
166091 1194 123 0.00200063327509501 1.43822129462971e-05 1.4815847507492e-06 7119 8449.97210246176 166091 7119 0.00200063327509501 8.57512344762892e-05
167300 1209 147 0.00201519616910847 1.45628940134617e-05 1.77067445821246e-06 7266 8377.45002114208 167300 7266 0.00201519616910847 8.75219089345017e-05
168551 1251 103 0.00203026497010999 1.50688010015224e-05 1.24067666119649e-06 7369 8357.92663277281 168551 7369 0.00203026497010999 8.87625855956982e-05
169218 667 26 0.00203829925489657 8.03428478658308e-06 3.13180516418531e-07 7395 7757.36415989462 169218 7395 0.00203829925489657 8.90757661121167e-05
169575 357 22 0.00204259946429509 4.30020939851598e-06 2.64998898507988e-07 7417 6937.88294277361 169575 7417 0.00204259946429509 8.93407650106247e-05
170508 933 116 0.00205383782667272 1.12383623776342e-05 1.39726691940575e-06 7533 6818.68418034393 170508 7533 0.00205383782667272 9.07380319300305e-05
171306 798 101 0.00206345005944588 9.61223277315337e-06 1.21658585224122e-06 7634 6582.56309252281 171306 7634 0.00206345005944588 9.19546177822717e-05
172239 933 89 0.00207468842182351 1.12383623776342e-05 1.07204099850959e-06 7723 6517.25210966284 172239 7723 0.00207468842182351 9.30266587807813e-05
173152 913 101 0.00208568587611159 1.09974542880815e-05 1.21658585224122e-06 7824 6441.84618514778 173152 7824 0.00208568587611159 9.42432446330225e-05
173772 620 57 0.00209315402688773 7.46815077613419e-06 6.8658805522524e-07 7881 6084.87631700742 173772 7881 0.00209315402688773 9.49298326882477e-05
174355 583 33 0.00210017649769819 7.02247081046167e-06 3.97498347761981e-07 7914 5745.0444700156 174355 7914 0.00210017649769819 9.53273310360097e-05
174697 342 21 0.00210429602602954 4.11952833135144e-06 2.52953494030352e-07 7935 5215.75149327979 174697 7935 0.00210429602602954 9.558028453004e-05
175210 513 72 0.00211047531852657 6.17929249702716e-06 8.67269122389777e-07 8007 4937.7310463168 175210 8007 0.00211047531852657 9.64475536524298e-05
176007 797 83 0.00212007550589524 9.60018736867573e-06 9.99768571643771e-07 8090 4985.87515771224 176007 8090 0.00212007550589524 9.74473222240736e-05
176752 745 57 0.00212904933223108 8.97382633583867e-06 6.8658805522524e-07 8147 4974.71773709189 176752 8147 0.00212904933223108 9.81339102792988e-05
177212 460 27 0.00213459021829079 5.54088605971247e-06 3.25225920896167e-07 8174 4680.25244997472 177212 8174 0.00213459021829079 9.8459136200195e-05
177850 638 42 0.00214227518634753 7.68496805673164e-06 5.05906988060704e-07 8216 4608.44574433533 177850 8216 0.00214227518634753 9.89650431882557e-05
178281 431 31 0.00214746675567739 5.19156932986103e-06 3.7340753880671e-07 8247 4340.52923782889 178281 8247 0.00214746675567739 9.93384507270624e-05
178570 289 10 0.00215094787757142 3.48112189403675e-06 1.20454044776358e-07 8257 3971.24492689361 178570 8257 0.00215094787757142 9.94589047718388e-05
179002 432 45 0.00215615149230576 5.20361473433866e-06 5.42043201493611e-07 8302 3800.96624449888 179002 8302 0.00215615149230576 0.000100000947973332
179364 362 47 0.00216051192872667 4.36043642090416e-06 5.66134010448882e-07 8349 3586.51201321723 179364 8349 0.00216051192872667 0.000100567081983781
179717 353 62 0.00216476395650727 4.25202778060544e-06 7.46815077613419e-07 8411 3395.5818931974 179717 8411 0.00216476395650727 0.000101313897061395
180458 741 39 0.0021736896012252 8.92564471792813e-06 4.69770774627796e-07 8450 3621.60821964007 180458 8450 0.0021736896012252 0.000101783667836022
181196 738 39 0.0021825791097297 8.88950850449522e-06 4.69770774627796e-07 8489 3810.35541181063 181196 8489 0.0021825791097297 0.00010225343861065
181482 286 11 0.0021860240954103 3.44498568060384e-06 1.32499449253994e-07 8500 3518.47722017865 181482 8500 0.0021860240954103 0.000102385938059904
181815 333 11 0.00219003521510135 4.01111969105272e-06 1.32499449253994e-07 8511 3317.86525133374 181815 8511 0.00219003521510135 0.000102518437509158
182028 213 11 0.00219260088625509 2.56567115373642e-06 1.32499449253994e-07 8522 3027.67807735612 182028 8522 0.00219260088625509 0.000102650936958412
182370 342 29 0.00219672041458644 4.11952833135144e-06 3.49316729851438e-07 8551 2910.50066656574 182370 8551 0.00219672041458644 0.000103000253688264
182764 394 30 0.00220146630395063 4.7458893641885e-06 3.61362134329074e-07 8581 2863.0943723588 182764 8581 0.00220146630395063 0.000103361615822593
183271 507 32 0.00220757332402079 6.10702007016135e-06 3.85452943284346e-07 8613 2935.87771287291 183271 8613 0.00220757332402079 0.000103747068765877
183678 407 33 0.00221247580364319 4.90247962239777e-06 3.97498347761981e-07 8646 2897.62273788846 183678 8646 0.00221247580364319 0.000104144567113639
183979 301 22 0.00221610147039096 3.62566674776837e-06 2.64998898507988e-07 8668 2759.16950929659 183979 8668 0.00221610147039096 0.000104409566012147
184193 214 6 0.00221867918694917 2.57771655821406e-06 7.22724268658148e-08 8674 2554.71408608432 184193 8674 0.00221867918694917 0.000104481838439013
184543 350 37 0.00222289507851634 4.21589156717253e-06 4.45679965672525e-07 8711 2517.26635571587 184543 8711 0.00222289507851634 0.000104927518404685
184861 318 18 0.00222672551714023 3.83043862388818e-06 2.16817280597444e-07 8729 2453.49794508725 184861 8729 0.00222672551714023 0.000105144335685283
185416 555 26 0.00223341071662532 6.68519948508787e-06 3.13180516418531e-07 8755 2636.40064642449 185416 8755 0.00223341071662532 0.000105457516201701
185674 258 8 0.00223651843098055 3.10771435523004e-06 9.63632358210864e-08 8763 2494.56433896329 185674 8763 0.00223651843098055 0.000105553879437522
186022 348 18 0.00224071023173877 4.19180075821726e-06 2.16817280597444e-07 8781 2464.23891434766 186022 8781 0.00224071023173877 0.00010577069671812
186269 247 6 0.00224368544664474 2.97521490597604e-06 7.22724268658148e-08 8787 2337.51264116106 186269 8787 0.00224368544664474 0.000105842969144986
186461 192 4 0.00224599816430445 2.31271765970607e-06 4.81816179105432e-08 8791 2175.00566425175 186461 8791 0.00224599816430445 0.000105891150762896
186839 378 9 0.00225055132719699 4.55316289254633e-06 1.08408640298722e-07 8800 2223.14448223412 186839 8800 0.00225055132719699 0.000105999559403195
187184 345 30 0.00225470699174178 4.15566454478435e-06 3.61362134329074e-07 8830 2230.98257099929 187184 8830 0.00225470699174178 0.000106360921537524
187764 580 26 0.00226169332633881 6.98633459702876e-06 3.13180516418531e-07 8856 2472.63193586027 187764 8856 0.00226169332633881 0.000106674102053943
188534 770 16 0.00227096828778659 9.27496144777956e-06 1.92726471642173e-07 8872 2867.63277771417 188534 8872 0.00227096828778659 0.000106866828525585
189135 601 10 0.00227820757587765 7.23928809105911e-06 1.20454044776358e-07 8882 3033.72782404147 189135 8882 0.00227820757587765 0.000106987282570361
189822 687 0 0.00228648276875378 8.27519287613579e-06 0 8882 3260.63290916117 189822 8882 0.00228648276875378 0.000106987282570361
190359 537 3 0.00229295115095827 6.46838220449042e-06 3.61362134329074e-08 8885 3303.12558753933 190359 8885 0.00229295115095827 0.000107023418783794
190862 503 10 0.00229900998941052 6.05883845225081e-06 1.20454044776358e-07 8895 3305.17382977312 190862 8895 0.00229900998941052 0.00010714387282857
191449 587 19 0.0023060806418389 7.07065242837221e-06 2.2886268507508e-07 8914 3390.91143575643 191449 8914 0.0023060806418389 0.000107372735513646
192079 630 13 0.00231366924665981 7.58860482091055e-06 1.56590258209265e-07 8927 3506.64608339447 192079 8927 0.00231366924665981 0.000107529325771855
192556 477 21 0.00231941490459564 5.74565793583228e-06 2.52953494030352e-07 8948 3451.82842379131 192556 8948 0.00231941490459564 0.000107782279265885
193243 687 6 0.00232769009747177 8.27519287613579e-06 7.22724268658148e-08 8954 3615.32440598199 193243 8954 0.00232769009747177 0.000107854551692751
193499 256 3 0.00233077372101805 3.08362354627476e-06 3.61362134329074e-08 8957 3323.02460082049 193499 8957 0.00233077372101805 0.000107890687906184
193761 262 4 0.00233392961699119 3.15589597314058e-06 4.81816179105432e-08 8961 3081.05496031963 193761 8961 0.00233392961699119 0.000107938869524094
194259 498 12 0.00233992822842105 5.99861142986263e-06 1.4454485373163e-07 8973 3111.78241580332 194259 8973 0.00233992822842105 0.000108083414377826
194725 466 12 0.00234554138690763 5.61315848657828e-06 1.4454485373163e-07 8985 3105.84974788925 194725 8985 0.00234554138690763 0.000108227959231558
195228 503 9 0.00235160022535988 6.05883845225081e-06 1.08408640298722e-07 8994 3137.81682790817 195228 8994 0.00235160022535988 0.000108336367871856
195674 446 9 0.00235697247575691 5.37225039702557e-06 1.08408640298722e-07 9003 3107.93578317321 195674 9003 0.00235697247575691 0.000108444776512155
196096 422 7 0.00236205563644647 5.08316068956231e-06 8.43178313434506e-08 9010 3058.58649525075 196096 9010 0.00236205563644647 0.000108529094343499
196335 239 2 0.00236493448811662 2.87885167015496e-06 2.40908089552716e-08 9012 2833.72151631809 196335 9012 0.00236493448811662 0.000108553185152454
196554 219 4 0.00236757243169723 2.63794358060224e-06 4.81816179105432e-08 9016 2622.95954178869 196554 9016 0.00236757243169723 0.000108601366770364
196944 390 8 0.0023722701394435 4.69770774627796e-06 9.63632358210864e-08 9024 2615.16171116259 196944 9024 0.0023722701394435 0.000108697730006185
197341 397 12 0.00237705216502113 4.78202557762141e-06 1.4454485373163e-07 9036 2615.54649889458 197341 9036 0.00237705216502113 0.000108842274859917
197783 442 12 0.00238237623380024 5.32406877911502e-06 1.4454485373163e-07 9048 2660.87292975046 197783 9048 0.00238237623380024 0.000108986819713649
198178 395 6 0.00238713416856891 4.75793476866614e-06 7.22724268658148e-08 9054 2652.32515779183 198178 9054 0.00238713416856891 0.000109059092140515
198556 378 6 0.00239168733146145 4.55316289254633e-06 7.22724268658148e-08 9060 2628.07374023275 198556 9060 0.00239168733146145 0.00010913136456738
198804 248 3 0.00239467459177191 2.98726031045368e-06 3.61362134329074e-08 9063 2477.50029068687 198804 9063 0.00239467459177191 0.000109167500780813
198963 159 1 0.00239658981108385 1.91521931194409e-06 1.20454044776358e-08 9064 2260.76279824401 198963 9064 0.00239658981108385 0.000109179546185291
198963 0 0 0.00239658981108385 0 0 9064 1917.89569626485 198963 9064 0.00239658981108385 0.000109179546185291
199726 763 7 0.00240578045470029 9.19064361643611e-06 8.43178313434506e-08 9071 2390.02779106605 199726 9071 0.00240578045470029 0.000109263864016634
200260 534 7 0.00241221270069134 6.43224599105752e-06 8.43178313434506e-08 9078 2561.55637079633 200260 9078 0.00241221270069134 0.000109348181847978
200843 583 4 0.00241923517150181 7.02247081046167e-06 4.81816179105432e-08 9082 2756.07094008535 200843 9082 0.00241923517150181 0.000109396363465888
201372 529 1 0.00242560719047048 6.37201896866934e-06 1.20454044776358e-08 9083 2867.08544562746 201372 9083 0.00242560719047048 0.000109408408870366
201574 202 1 0.00242804036217496 2.43317170448243e-06 1.20454044776358e-08 9084 2634.26350029448 201574 9084 0.00242804036217496 0.000109420454274844
201823 249 2 0.00243103966788989 2.99930571493131e-06 2.40908089552716e-08 9086 2483.75131224142 201823 9086 0.00243103966788989 0.000109444545083799
202345 522 4 0.00243732736902722 6.28770113732589e-06 4.81816179105432e-08 9090 2629.06579037836 202345 9090 0.00243732736902722 0.000109492726701709
202799 454 5 0.00244279598266006 5.46861363284665e-06 6.0227022388179e-08 9095 2684.34188658814 202799 9095 0.00244279598266006 0.000109552953724098
203368 569 6 0.00244964981780784 6.85383514777477e-06 7.22724268658148e-08 9101 2846.23481454564 203368 9101 0.00244964981780784 0.000109625226150963
204183 815 10 0.00245946682245711 9.81700464927318e-06 1.20454044776358e-07 9111 3229.5750742255 204183 9111 0.00245946682245711 0.00010974568019574
204964 781 7 0.00246887428335414 9.40746089703356e-06 8.43178313434506e-08 9118 3520.77798132222 204964 9118 0.00246887428335414 0.000109829998027083
205269 305 0 0.00247254813171982 3.67384836567892e-06 0 9118 3291.81707922953 205269 9118 0.00247254813171982 0.000109829998027083
205609 340 0 0.00247664356924222 4.09543752239617e-06 0 9118 3132.58036891319 205609 9118 0.00247664356924222 0.000109829998027083
206242 633 4 0.00248426831027656 7.62474103434346e-06 4.81816179105432e-08 9122 3290.49348512321 206242 9122 0.00248426831027656 0.000109878179644994
