# totalCases dailyCases dailyDeceased totalCasesNormalized dailyCasesNormalized dailyDeceasedNormalized totalDeceased Sick totalCasesAveraged totalDeathsAv
0 0 0 0 0 0 0 0 0 0 0 0
0 0 0 0 0 0 0 0 0 0 0 0
0 0 0 0 0 0 0 0 0 0 0 0
0 0 0 0 0 0 0 0 0 0 0 0
0 0 0 0 0 0 0 0 0 0 0 0
0 0 0 0 0 0 0 0 0 0 0 0
0 0 0 0 0 0 0 0 0 0 0 0
0 0 0 0 0 0 0 0 0 0 0 0
0 0 0 0 0 0 0 0 0 0 0 0
0 0 0 0 0 0 0 0 0 0 0 0
0 0 0 0 0 0 0 0 0 0 0 0
0 0 0 0 0 0 0 0 0 0 0 0
0 0 0 0 0 0 0 0 0 0 0 0
0 0 0 0 0 0 0 0 0 0 0 0
0 0 0 0 0 0 0 0 0 0 0 0
0 0 0 0 0 0 0 0 0 0 0 0
0 0 0 0 0 0 0 0 0 0 0 0
0 0 0 0 0 0 0 0 0 0 0 0
0 0 0 0 0 0 0 0 0 0 0 0
0 0 0 0 0 0 0 0 0 0 0 0
0 0 0 0 0 0 0 0 0 0 0 0
0 0 0 0 0 0 0 0 0 0 0 0
0 0 0 0 0 0 0 0 0 0 0 0
0 0 0 0 0 0 0 0 0 0 0 0
0 0 0 0 0 0 0 0 0 0 0 0
0 0 0 0 0 0 0 0 0 0 0 0
0 0 0 0 0 0 0 0 0 0 0 0
0 0 0 0 0 0 0 0 0 0 0 0
0 0 0 0 0 0 0 0 0 0 0 0
0 0 0 0 0 0 0 0 0 0 0 0
0 0 0 0 0 0 0 0 0 0 0 0
0 0 0 0 0 0 0 0 0 0 0 0
1 1 0 2.13051264821444e-08 2.13051264821444e-08 0 0 1 1 0 2.13051264821444e-08 0
1 0 0 2.13051264821444e-08 0 0 0 0.848340081389579 1 0 2.13051264821444e-08 0
1 0 0 2.13051264821444e-08 0 0 0 0.719680893692078 1 0 2.13051264821444e-08 0
1 0 0 2.13051264821444e-08 0 0 0 0.610534147929263 1 0 2.13051264821444e-08 0
1 0 0 2.13051264821444e-08 0 0 0 0.517940588745428 1 0 2.13051264821444e-08 0
1 0 0 2.13051264821444e-08 0 0 0 0.439389761211263 1 0 2.13051264821444e-08 0
1 0 0 2.13051264821444e-08 0 0 0 0.372751945787711 1 0 2.13051264821444e-08 0
1 0 0 2.13051264821444e-08 0 0 0 0.316220416027671 1 0 2.13051264821444e-08 0
1 0 0 2.13051264821444e-08 0 0 0 0.268262453469961 1 0 2.13051264821444e-08 0
2 1 0 4.26102529642888e-08 2.13051264821444e-08 0 0 1.22757779161047 2 0 4.26102529642888e-08 0
2 0 0 4.26102529642888e-08 0 0 0 1.04140344364687 2 0 4.26102529642888e-08 0
2 0 0 4.26102529642888e-08 0 0 0 0.883464282142774 2 0 4.26102529642888e-08 0
2 0 0 4.26102529642888e-08 0 0 0 0.749478161017787 2 0 4.26102529642888e-08 0
2 0 0 4.26102529642888e-08 0 0 0 0.635812364117542 2 0 4.26102529642888e-08 0
2 0 0 4.26102529642888e-08 0 0 0 0.539385112723976 2 0 4.26102529642888e-08 0
2 0 0 4.26102529642888e-08 0 0 0 0.457582010428586 2 0 4.26102529642888e-08 0
2 0 0 4.26102529642888e-08 0 0 0 0.388185159969394 2 0 4.26102529642888e-08 0
2 0 0 4.26102529642888e-08 0 0 0 0.329313030202662 2 0 4.26102529642888e-08 0
2 0 0 4.26102529642888e-08 0 0 0 0.279369442844776 2 0 4.26102529642888e-08 0
2 0 0 4.26102529642888e-08 0 0 0 0.237000295880698 2 0 4.26102529642888e-08 0
2 0 0 4.26102529642888e-08 0 0 0 0.201056850296786 2 0 4.26102529642888e-08 0
2 0 0 4.26102529642888e-08 0 0 0 0.170564584744708 2 0 4.26102529642888e-08 0
2 0 0 4.26102529642888e-08 0 0 0 0.144696773704505 2 0 4.26102529642888e-08 0
2 0 0 4.26102529642888e-08 0 0 0 0.12275207278129 2 0 4.26102529642888e-08 0
3 1 0 6.39153794464332e-08 2.13051264821444e-08 0 0 1.10413550341402 3 0 6.39153794464332e-08 0
9 6 0 1.91746138339299e-07 1.27830758892866e-07 0 0 6.93668240283137 9 0 1.91746138339299e-07 0
17 8 0 3.62187150196455e-07 1.70441011857155e-07 0 0 13.8846657141916 17 0 3.62187150196455e-07 0
35 18 0 7.45679426875054e-07 3.83492276678599e-07 0 0 29.7789184420444 35 0 7.45679426875054e-07 0
54 19 0 1.1504768300358e-06 4.04797403160743e-07 0 0 44.2626500948176 54 0 1.1504768300358e-06 0
82 28 0 1.74702037153584e-06 5.96543541500043e-07 0 0 65.549780183956 82 0 1.74702037153584e-06 0
136 54 0 2.89749720157164e-06 1.1504768300358e-06 0 0 109.608505856326 136 0 2.89749720157164e-06 0
192 56 0 4.09058428457172e-06 1.19308708300009e-06 0 0 148.985288779146 192 0 4.09058428457172e-06 0
267 75 0 5.68846877073255e-06 1.59788448616083e-06 0 0 201.390192008751 267 0 5.68846877073255e-06 0
348 81 1 7.41418401578625e-06 1.7257152450537e-06 2.13051264821444e-08 1 251.847371879767 348 1 7.41418401578625e-06 2.13051264821444e-08
531 183 2 1.13130221620187e-05 3.89883814623242e-06 4.26102529642888e-08 3 396.652219958233 531 3 1.13130221620187e-05 6.39153794464332e-08
764 233 2 1.62771166323583e-05 4.96409447033964e-06 4.26102529642888e-08 5 569.495976562725 764 5 1.62771166323583e-05 1.06525632410722e-07
1094 330 0 2.3307808371466e-05 7.03069173910765e-06 0 5 813.12626310826 1094 5 2.3307808371466e-05 1.06525632410722e-07
1527 433 0 3.25329281382345e-05 9.22511976676852e-06 0 5 1122.80760022527 1527 5 3.25329281382345e-05 1.06525632410722e-07
2299 772 23 4.89804857824499e-05 1.64475576442155e-05 4.90017909089321e-07 28 1724.52269095994 2299 28 4.89804857824499e-05 5.96543541500043e-07
3274 975 7 6.97529841025407e-05 2.07724983200908e-05 1.49135885375011e-07 35 2437.98172000713 3274 35 6.97529841025407e-05 7.45679426875054e-07
4427 1153 12 9.43177949364532e-05 2.45648108339125e-05 2.55661517785733e-07 47 3221.23761077716 4427 47 9.43177949364532e-05 1.00134094466079e-06
5958 1531 37 0.000126935943580616 3.26181486441631e-05 7.88289679839342e-07 84 4263.70497690187 5958 84 0.000126935943580616 1.78963062450013e-06
7641 1683 37 0.000162792471450065 3.5856527869449e-05 7.88289679839342e-07 121 5300.07182712608 7641 121 0.000162792471450065 2.57792030433947e-06
9785 2144 15 0.000208470662627783 4.56781911777176e-05 3.19576897232166e-07 136 6640.26336519476 9785 136 0.000208470662627783 2.89749720157164e-06
11491 1706 152 0.000244817208406321 3.63465457785383e-05 3.23837922528595e-06 288 7339.20156367756 11491 288 0.000244817208406321 6.13587642685758e-06
13994 2503 21 0.000298143939991129 5.33267315848074e-05 4.47407656125032e-07 309 8729.13885186475 13994 309 0.000298143939991129 6.58328408298262e-06
17688 3694 182 0.00037684507721617 7.87011372250414e-05 3.87753301975028e-06 491 11099.2783640519 17688 491 0.00037684507721617 1.04608171027329e-05
21735 4047 107 0.000463066924089408 8.62218468732383e-05 2.27964853358945e-06 598 13462.9627107254 21735 598 0.000463066924089408 1.27404656363223e-05
26304 4569 169 0.000560410046986326 9.73431228969177e-05 3.6005663754824e-06 767 15990.1708817616 26304 767 0.000560410046986326 1.63410320118047e-05
31750 5446 235 0.000676437765808084 0.000116027718821758 5.00670472330393e-06 1002 19011.1028672669 31750 1002 0.000676437765808084 2.13477367351087e-05
36616 4866 324 0.000780108511270199 0.000103670745462115 6.90286098021478e-06 1326 20993.8805537229 36616 1326 0.000780108511270199 2.82505977153235e-05
41262 4646 394 0.000879092128906242 9.89836176360428e-05 8.39421983396489e-06 1720 22455.9503376284 41262 1720 0.000879092128906242 3.66448175492883e-05
48953 7691 462 0.00104294985668041 0.000163857727774172 9.84296843475071e-06 2182 26741.282737104 48953 2182 0.00104294985668041 4.64877859840391e-05
57506 8553 514 0.0012251726034822 0.000182222746801781 1.09508350118222e-05 2696 31238.7019736566 57506 2696 0.0012251726034822 5.74386209958613e-05
66460 8954 738 0.00141593870600332 0.000190766102521121 1.57231833438226e-05 3434 35455.0429748366 66460 3434 0.00141593870600332 7.31618043396838e-05
75641 9181 655 0.00161154107223588 0.000195602366232568 1.39548578458046e-05 4089 39258.934042944 75641 4089 0.00161154107223588 8.71166621854884e-05
83885 8244 769 0.00178718053495468 0.000175639462718798 1.6383642264769e-05 4858 41548.9273012592 83885 4858 0.00178718053495468 0.000103500304450257
90309 6424 832 0.00192404466747598 0.000136864132521296 1.77258652331441e-05 5690 41671.6203683999 90309 5690 0.00192404466747598 0.000121226169683402
96122 5813 838 0.00204789136771668 0.000123846700240705 1.7853695992037e-05 6528 41164.7058149641 96122 6528 0.00204789136771668 0.000139079865675439
104267 8145 812 0.00222142162291375 0.000173530255197066 1.72997627035012e-05 7340 43066.6698814447 104267 7340 0.00222142162291375 0.00015637962837894
111680 7413 849 0.00237935652552588 0.000157934902612136 1.80880523833406e-05 8189 43948.1822324029 111680 8189 0.00237935652552588 0.00017446768076228
119263 7583 864 0.00254091329963999 0.000161556774114101 1.84076292805728e-05 9053 44866.0044919608 119263 9053 0.00254091329963999 0.000192875310042853
126535 7272 950 0.00269584417941814 0.000154930879778154 2.02398701580372e-05 10003 45333.6299023352 126535 10003 0.00269584417941814 0.00021311518020089
133198 6663 932 0.00283780023716867 0.000141956057750528 1.98563778813586e-05 10935 45121.3352810322 133198 10935 0.00283780023716867 0.000232971558082249
138731 5533 809 0.00295568150199437 0.000117881264825705 1.72358473240548e-05 11744 43811.2372447173 138731 11744 0.00295568150199437 0.000250207405406304
142398 3667 674 0.0030338074008044 7.81258988100235e-05 1.43596552489653e-05 12418 40833.8285699617 142398 12418 0.0030338074008044 0.000264567060655269
147607 5209 637 0.00314478580464989 0.00011097840384549 1.3571365569126e-05 13055 39849.9734524894 147607 13055 0.00314478580464989 0.000278138426224395
153190 5583 743 0.0032637323257997 0.000118946521149812 1.58297089762333e-05 13798 39389.3297220574 153190 13798 0.0032637323257997 0.000293968135200628
158935 5745 757 0.00338613027743962 0.00012239795163992 1.61279807469833e-05 14555 39160.5471822912 158935 14555 0.00338613027743962 0.000310096115947612
163472 4537 683 0.00348279163628911 9.66613588494891e-05 1.45514013873046e-05 15238 37758.4617838854 163472 15238 0.00348279163628911 0.000324647517334916
168022 4550 605 0.00357972996178286 9.6938325493757e-05 1.28896015216974e-05 15843 36582.0165428866 168022 15843 0.00357972996178286 0.000337537118856614
171921 3899 510 0.00366279864993675 8.3068688153881e-05 1.08656145058936e-05 16353 34932.9908913874 171921 16353 0.00366279864993675 0.000348402733362507
174951 3030 619 0.00372735318317764 6.45545332408975e-05 1.31878732924474e-05 16972 32665.056335981 174951 16972 0.00372735318317764 0.000361590606654955
178067 3116 517 0.003793739957296 6.63867741183619e-05 1.10147503912686e-05 17489 30827.0765506613 178067 17489 0.003793739957296 0.000372605357046223
182491 4424 787 0.00388799383685301 9.42538795570068e-05 1.67671345414476e-05 18276 30575.8446299908 182491 18276 0.00388799383685301 0.000389372491587671
186311 3820 617 0.0039693794200148 8.13855831617916e-05 1.31452630394831e-05 18893 29758.7145219616 186311 18893 0.0039693794200148 0.000402517754627154
190129 3818 585 0.00405072239292363 8.13429729088273e-05 1.24634989920545e-05 19478 29063.5102996101 190129 19478 0.00405072239292363 0.000414981253619208
193965 3836 565 0.00413244885810914 8.17264651855059e-05 1.20373964624116e-05 20043 28491.7406930381 193965 20043 0.00413244885810914 0.00042701865008162
193252 -713 410 0.00411725830292737 -1.51905551817689e-05 8.7351018576792e-06 20453 23457.6856184628 193252 20453 0.00411725830292737 0.000435753751939299
195470 2218 399 0.00416451307346476 4.72547705373963e-05 8.50074546637561e-06 20852 22118.0949267779 195470 20852 0.00416451307346476 0.000444254497405675
198421 2951 430 0.00422738450171357 6.28714282488081e-05 9.16120438732209e-06 21282 21714.6664503652 198421 21282 0.00422738450171357 0.000453415701792997
200733 2312 435 0.00427664195414029 4.92574524267178e-05 9.26773001973281e-06 21717 20733.4219038504 200733 21717 0.00427664195414029 0.00046268343181273
203649 2916 440 0.00433876770296222 6.2125748821933e-05 9.37425565214353e-06 22157 20504.9928253969 203649 22157 0.00433876770296222 0.000472057687464873
205763 2114 367 0.00438380674034548 4.50390373832532e-05 7.81898141894699e-06 22524 19509.20728239 205763 22524 0.00438380674034548 0.00047987666888382
208269 2506 378 0.00443719738730973 5.33906469642538e-05 8.05333781025058e-06 22902 19056.4424937889 208269 22902 0.00443719738730973 0.000487930006694071
209910 1641 288 0.00447215909986693 3.49617125571989e-05 6.13587642685758e-06 23190 17807.3439761767 209910 23190 0.00447215909986693 0.000494065883120928
211570 1660 0 0.00450752560982729 3.53665099603597e-05 0 23190 16766.683638082 211570 23190 0.00450752560982729 0.000494065883120928
213095 1525 632 0.00454001592771256 3.24903178852702e-05 1.34648399367153e-05 23822 15748.8497621638 213095 23822 0.00454001592771256 0.000507530723057644
213942 847 453 0.00455806136984293 1.80454421303763e-05 9.65122229641141e-06 24275 14207.3804890263 213942 24275 0.00455806136984293 0.000517181945354055
215183 1241 268 0.00458450103180728 2.64396619643412e-05 5.7097738972147e-06 24543 13293.6903203933 215183 24543 0.00458450103180728 0.00052289171925127
216570 1387 281 0.00461405124223801 2.95502104307343e-05 5.98674054148257e-06 24824 12664.5703283703 216570 24824 0.00461405124223801 0.000528878459792752
217804 1234 276 0.00464034176831698 2.62905260789662e-05 5.88021490907185e-06 25100 11977.8626231337 217804 25100 0.00464034176831698 0.000534758674701824
218739 935 164 0.00466026206157778 1.9920293260805e-05 3.49404074307168e-06 25264 11096.3009525825 218739 25264 0.00466026206157778 0.000538252715444896
219205 466 164 0.00467019025051846 9.92818894067928e-06 3.49404074307168e-06 25428 9879.43685323706 219205 25428 0.00467019025051846 0.000541746756187967
220244 1039 185 0.00469232627693341 2.2136026414948e-05 3.94144839919671e-06 25613 9420.12226415834 220244 25613 0.00469232627693341 0.000545688204587164
221124 880 244 0.0047110747882377 1.87485113042871e-05 5.19845086164323e-06 25857 8871.46728827588 221124 25857 0.0047110747882377 0.000550886655448807
222045 921 213 0.00473069680972775 1.9622021490055e-05 4.53799194069675e-06 26070 8447.02128138095 222045 26070 0.00473069680972775 0.000555424647389504
223218 1173 181 0.00475568772309131 2.49909133635554e-05 3.85622789326813e-06 26251 8338.94672134622 223218 26251 0.00475568772309131 0.000559280875282772
223961 743 227 0.00477151743206754 1.58297089762333e-05 4.83626371144678e-06 26478 7817.26274029022 223961 26478 0.00477151743206754 0.000564117138994219
227377 3416 143 0.00484429574413054 7.27783120630052e-05 3.04663308694665e-06 26621 10047.6973093415 227377 26621 0.00484429574413054 0.000567163772081166
227770 393 123 0.00485266865883803 8.37291470748274e-06 2.62053055730376e-06 26744 8916.86435318465 227770 26744 0.00485266865883803 0.000569784302638469
228252 482 176 0.00486293772980242 1.02690709643936e-05 3.74970226085741e-06 26920 8046.53343112051 228252 26920 0.00486293772980242 0.000573534004899327
228691 439 184 0.00487229068032808 9.35295052566139e-06 3.92014327271457e-06 27104 7265.19682586074 228691 27104 0.00487229068032808 0.000577454148172041
229540 849 217 0.00489037873271142 1.80880523833406e-05 4.62321244662533e-06 27321 7012.35766656202 229540 27321 0.00489037873271142 0.000582077360618667
230183 643 138 0.00490407792903944 1.36991963280188e-05 2.94010745453593e-06 27459 6591.86407358406 230183 27459 0.00490407792903944 0.000585017468073203
230698 515 104 0.00491505006917775 1.09721401383044e-05 2.21573315414302e-06 27563 6107.14250469335 230698 27563 0.00491505006917775 0.000587233201227346
231350 652 87 0.0049289410116441 1.38909424663581e-05 1.85354600394656e-06 27650 5832.93376948931 231350 27650 0.0049289410116441 0.000589086747231292
231606 256 59 0.00493439512402353 5.45411237942896e-06 1.25700246244652e-06 27709 5204.31150874859 231606 27709 0.00493439512402353 0.000590343749693739
232037 431 69 0.00494357763353734 9.18250951380423e-06 1.47005372726796e-06 27778 4846.0260489085 232037 27778 0.00494357763353734 0.000591813803421007
232555 518 110 0.00495461368905509 1.10360555177508e-05 2.34356391303588e-06 27888 4629.07813274706 232555 27888 0.00495461368905509 0.000594157367334043
233037 482 52 0.00496488276001948 1.02690709643936e-05 1.10786657707151e-06 27940 4409.03251989337 233037 27940 0.00496488276001948 0.000595265233911114
234824 1787 688 0.00500295502104307 3.8072261023592e-05 1.46579270197153e-05 28628 5527.35900677564 234824 28628 0.00500295502104307 0.000609923160930829
235290 466 50 0.00501288320998375 9.92818894067928e-06 1.06525632410722e-06 28678 5155.08018967747 235290 28678 0.00501288320998375 0.000610988417254937
235772 482 74 0.00502315228094815 1.02690709643936e-05 1.57657935967868e-06 28752 4855.2611476808 235772 28752 0.00502315228094815 0.000612564996614615
235400 -372 -1918 0.00501522677389679 -7.92550705135771e-06 -4.08632325927529e-05 26834 3746.91263719119 235400 26834 0.00501522677389679 0.000571701764021862
236259 859 283 0.00503352787754495 1.8301103648162e-05 6.02935079444686e-06 27117 4037.65617159442 236259 27117 0.00503352787754495 0.000577731114816309
236769 510 1 0.00504439349205084 1.08656145058936e-05 2.13051264821444e-08 27118 3935.30556523354 236769 27118 0.00504439349205084 0.000577752419942791
237906 1137 1 0.00506861742086104 2.42239288101982e-05 2.13051264821444e-08 27119 4475.47744350309 237906 27119 0.00506861742086104 0.000577773725069274
238564 658 2 0.00508263619408629 1.4018773225251e-05 4.26102529642888e-08 27121 4454.72689867864 238564 27121 0.00508263619408629 0.000577816335322238
239228 664 4 0.00509678279807044 1.41466039841439e-05 8.52205059285775e-08 27125 4443.12337979338 239228 27125 0.00509678279807044 0.000577901555828167
239429 201 2 0.00510106512849335 4.28233042291102e-06 4.26102529642888e-08 27127 3970.27964963786 239429 27127 0.00510106512849335 0.000577944166081131
239638 209 0 0.00510551789992812 4.45277143476818e-06 0 27127 3577.14736111318 239638 27127 0.00510551789992812 0.000577944166081131
239932 294 0 0.00511178160711387 6.26370718575045e-06 0 27127 3328.63748346927 239932 27127 0.00511178160711387 0.000577944166081131
240326 394 1 0.00512017582694783 8.39421983396489e-06 2.13051264821444e-08 27128 3217.81659364273 240326 27128 0.00512017582694783 0.000577965471207613
240660 334 5 0.00512729173919287 7.11591224503623e-06 1.06525632410722e-07 27133 3063.80279094761 240660 27133 0.00512729173919287 0.000578071996840024
240978 318 1 0.00513406676941419 6.77503022132191e-06 2.13051264821444e-08 27134 2917.14670903411 240978 27134 0.00513406676941419 0.000578093301966506
241310 332 1 0.00514114007140626 7.07330199207194e-06 2.13051264821444e-08 27135 2806.73247656734 241310 27135 0.00514114007140626 0.000578114607092988
241550 240 1 0.00514625330176198 5.11323035571465e-06 2.13051264821444e-08 27136 2621.06365760992 241550 27136 0.00514625330176198 0.00057813591221947
241717 167 0 0.00514981125788449 3.55795612251811e-06 0 27136 2390.55335662407 241717 27136 0.00514981125788449 0.00057813591221947
241966 249 0 0.00515511623437855 5.30497649405395e-06 0 27136 2277.00222912459 241966 27136 0.00515511623437855 0.00057813591221947
242280 314 0 0.00516180604409394 6.68980971539334e-06 0 27136 2245.67225637981 242280 27136 0.00516180604409394 0.00057813591221947
242707 427 0 0.00517090333310182 9.09728900787565e-06 0 27136 2332.09378475157 242707 27136 0.00517090333310182 0.00057813591221947
243209 502 0 0.00518159850659585 1.06951734940365e-05 0 27136 2480.40863116428 243209 27136 0.00518159850659585 0.00057813591221947
243605 396 0 0.00519003533668278 8.43683008692918e-06 0 27136 2500.23006004132 243605 27136 0.00519003533668278 0.00057813591221947
243928 323 0 0.00519691689253652 6.88155585373264e-06 0 27136 2444.04537262813 243928 27136 0.00519691689253652 0.00057813591221947
244109 181 0 0.00520077312042978 3.85622789326813e-06 0 27136 2254.38165033517 244109 27136 0.00520077312042978 0.00057813591221947
244328 219 0 0.00520543894312937 4.66582269958962e-06 0 27136 2131.48231272851 244328 27136 0.00520543894312937 0.00057813591221947
244683 355 0 0.00521300226303054 7.56331990116126e-06 0 27136 2163.22187866055 244683 27136 0.00521300226303054 0.00057813591221947
245268 585 0 0.00522546576202259 1.24634989920545e-05 0 27136 2420.14782460661 245268 27136 0.00522546576202259 0.00057813591221947
245575 307 1179 0.00523200643585261 6.54067383001833e-06 2.51187441224482e-05 28315 2360.10840250159 245575 28315 0.00523200643585261 0.000603254656341918
245938 363 7 0.00523974019676563 7.73376091301841e-06 1.49135885375011e-07 28322 2365.17455426643 245938 28322 0.00523974019676563 0.000603403792227293
246272 334 1 0.00524685610901066 7.11591224503623e-06 2.13051264821444e-08 28323 2340.47237386694 246272 28323 0.00524685610901066 0.000603425097353775
246504 232 1 0.00525179889835452 4.9427893438575e-06 2.13051264821444e-08 28324 2217.51652413634 246504 28324 0.00525179889835452 0.000603446402480258
246752 248 1 0.00525708256972209 5.28367136757181e-06 2.13051264821444e-08 28325 2129.20814856856 246752 28325 0.00525708256972209 0.00060346770760674
247086 334 2 0.00526419848196713 7.11591224503623e-06 4.26102529642888e-08 28327 2140.29261405201 247086 28327 0.00526419848196713 0.000603510317859704
247486 400 3 0.00527272053255999 8.52205059285775e-06 6.39153794464332e-08 28330 2215.6960104024 247486 28330 0.00527272053255999 0.00060357423323915
247905 419 8 0.005281647380556 8.9268479960185e-06 1.70441011857155e-07 28338 2298.66373379934 247905 28338 0.005281647380556 0.000603744674251008
248469 564 3 0.00529366347189193 1.20160913359294e-05 6.39153794464332e-08 28341 2514.0485790186 248469 28341 0.00529366347189193 0.000603808589630454
248770 301 2 0.00530007631496306 6.41284307112546e-06 4.26102529642888e-08 28343 2433.768176142 248770 28343 0.00530007631496306 0.000603851199883418
248970 200 3 0.00530433734025949 4.26102529642888e-06 6.39153794464332e-08 28346 2264.66309263167 248970 28346 0.00530433734025949 0.000603915115262865
249271 301 9 0.00531075018333061 6.41284307112546e-06 1.91746138339299e-07 28355 2222.20447232313 249271 28355 0.00531075018333061 0.000604106861401204
249659 388 8 0.00531901657240569 8.26638907507202e-06 1.70441011857155e-07 28363 2273.18512291489 249659 28363 0.00531901657240569 0.000604277302413061
250103 444 5 0.00532847604856376 9.45947615807211e-06 1.06525632410722e-07 28368 2372.4340521872 250103 28368 0.00532847604856376 0.000604383828045472
250545 442 17 0.00533789291446887 9.41686590510782e-06 3.62187150196455e-07 28385 2454.6308969239 250545 28385 0.00533789291446887 0.000604746015195668
250545 0 0 0.00533789291446887 0 0 28385 2082.3617748778 250545 28385 0.00533789291446887 0.000604746015195668
250545 0 0 0.00533789291446887 0 0 28385 1766.55095758238 250545 28385 0.00533789291446887 0.000604746015195668
251789 1244 3 0.00536439649181265 2.65035773437876e-05 6.39153794464332e-08 28388 2742.63598313427 251789 28388 0.00536439649181265 0.000604809930575115
252130 341 4 0.00537166153994306 7.26504813041124e-06 8.52205059285775e-08 28392 2667.68803315412 252130 28392 0.00537166153994306 0.000604895151081043
252513 383 4 0.00537982140338573 8.1598634426613e-06 8.52205059285775e-08 28396 2646.10668316797 252513 28396 0.00537982140338573 0.000604980371586972
253056 543 5 0.00539139008706553 1.15686836798044e-05 1.06525632410722e-07 28401 2787.79835896423 253056 28401 0.00539139008706553 0.000605086897219383
253908 852 2 0.00540954205482832 1.8151967762787e-05 4.26102529642888e-08 28403 3217.00108674145 253908 28403 0.00540954205482832 0.000605129507472347
253908 0 0 0.00540954205482832 0 0 28403 2729.11096375661 253908 28403 0.00540954205482832 0.000605129507472347
253908 0 0 0.00540954205482832 0 0 28403 2315.21421711447 253908 28403 0.00540954205482832 0.000605129507472347
255953 2045 3 0.0054531110384843 4.35689836559853e-05 6.39153794464332e-08 28406 4009.0890173812 255953 28406 0.0054531110384843 0.000605193422851793
256619 666 3 0.00546730025272141 1.41892142371082e-05 6.39153794464332e-08 28409 4067.07090330324 256619 28409 0.00546730025272141 0.00060525733823124
257494 875 4 0.00548594223839329 1.86419856718763e-05 8.52205059285775e-08 28413 4325.25926112546 257494 28413 0.00548594223839329 0.000605342558737168
258855 1361 3 0.00551493851553549 2.89962771421985e-05 6.39153794464332e-08 28416 5030.2907936142 258855 28416 0.00551493851553549 0.000605406474116615
260255 1400 4 0.00554476569261049 2.98271770750021e-05 8.52205059285775e-08 28420 5667.39730126793 260255 28420 0.00554476569261049 0.000605491694622544
260255 0 0 0.00554476569261049 0 0 28420 4807.88028782471 260255 28420 0.00554476569261049 0.000605491694622544
260255 0 0 0.00554476569261049 0 0 28420 4078.71755468457 260255 28420 0.00554476569261049 0.000605491694622544
264836 4581 2 0.00564236447702519 9.75987844147034e-05 4.26102529642888e-08 28422 8041.13958230622 264836 28422 0.00564236447702519 0.000605534304875508
266194 1358 2 0.00567129683878794 2.89323617627521e-05 4.26102529642888e-08 28424 8179.62100771862 266194 28424 0.00567129683878794 0.000605576915128472
267551 1357 2 0.00570020789542421 2.89110566362699e-05 4.26102529642888e-08 28426 8296.10035142393 267551 28426 0.00570020789542421 0.000605619525381436
270166 2615 3 0.00575592080117502 5.57129057508076e-05 6.39153794464332e-08 28429 9652.9144473431 270166 28429 0.00575592080117502 0.000605683440760883
272421 2255 3 0.00580396386139226 4.80430602172356e-05 6.39153794464332e-08 28432 10443.9542279057 272421 28432 0.00580396386139226 0.000605747356140329
272421 0 0 0.00580396386139226 0 0 28432 8860.02497973056 272421 28432 0.00580396386139226 0.000605747356140329
272421 0 0 0.00580396386139226 0 0 28432 7516.31431241833 272421 28432 0.00580396386139226 0.000605747356140329
278782 6361 2 0.00593948577094518 0.00013552190955292 4.26102529642888e-08 28434 12737.3906955466 278782 28434 0.00593948577094518 0.000605789966393294
