193 1189059.00275816
192 1177810.54140919
191 1179742.75660045
190 1120692.82586365
189 1217393.82740752
188 1370570.146068
187 1393777.4290819
186 1325074.4240292
185 1209964.57629583
184 1118000.2286172
183 1080776.57519254
182 1154496.15921329
181 1276334.09107422
180 1153686.97574812
179 1047007.51597901
178 940465.207976956
177 911950.88417661
176 896684.631491439
175 1020244.21939349
174 1176672.68939762
173 1351236.10048698
172 1366946.92901189
171 1235674.75538422
170 1208303.76226301
169 1024688.97069848
168 1089414.99426991
167 1028252.02806499
166 1054535.62592732
165 1018361.07853389
164 869042.099491827
163 814817.696844241
162 791324.06496932
161 934620.796751021
160 993790.917157562
159 1255441.08781003
158 1028754.38757323
157 906180.323015465
156 757334.816275625
155 715402.277418266
154 892048.822932324
153 1034350.9445025
152 1190039.30675301
151 1014647.90462335
150 795315.574751267
149 711853.147567477
148 617367.3595553
147 752777.503955459
146 828200.788486805
145 1053742.86034869
144 1155367.87349988
143 1113629.22783231
142 944271.935818994
141 742586.75020109
140 1015681.14429182
139 1208678.54387227
138 829804.138944171
137 689934.237929705
136 522066.686154931
135 615123.545437931
134 491146.546914075
133 453547.120223301
132 522705.812614893
131 583750.844789967
130 440038.506882276
129 311335.104734069
128 322208.821334123
127 283124.773009306
126 491868.046113037
125 844211.109150983
124 738705.892557794
123 565971.563309519
122 316278.34535783
121 276963.853190653
120 558348.535251539
119 700913.00313778
118 979906.128239553
117 1499160.63659023
116 758278.664820243
115 390803.773116856
114 650644.71189143
113 435217.992561646
