# totalCases dailyCases dailyDeceased totalCasesNormalized dailyCasesNormalized dailyDeceasedNormalized totalDeceased Sick totalCasesAveraged totalDeathsAv
0 0 0 0 0 0 0 0 0 0 0 0
0 0 0 0 0 0 0 0 0 0 0 0
0 0 0 0 0 0 0 0 0 0 0 0
0 0 0 0 0 0 0 0 0 0 0 0
0 0 0 0 0 0 0 0 0 0 0 0
0 0 0 0 0 0 0 0 0 0 0 0
0 0 0 0 0 0 0 0 0 0 0 0
0 0 0 0 0 0 0 0 0 0 0 0
0 0 0 0 0 0 0 0 0 0 0 0
0 0 0 0 0 0 0 0 0 0 0 0
0 0 0 0 0 0 0 0 0 0 0 0
0 0 0 0 0 0 0 0 0 0 0 0
0 0 0 0 0 0 0 0 0 0 0 0
0 0 0 0 0 0 0 0 0 0 0 0
0 0 0 0 0 0 0 0 0 0 0 0
0 0 0 0 0 0 0 0 0 0 0 0
0 0 0 0 0 0 0 0 0 0 0 0
0 0 0 0 0 0 0 0 0 0 0 0
0 0 0 0 0 0 0 0 0 0 0 0
0 0 0 0 0 0 0 0 0 0 0 0
0 0 0 0 0 0 0 0 0 0 0 0
0 0 0 0 0 0 0 0 0 0 0 0
0 0 0 0 0 0 0 0 0 0 0 0
0 0 0 0 0 0 0 0 0 0 0 0
0 0 0 0 0 0 0 0 0 0 0 0
0 0 0 0 0 0 0 0 0 0 0 0
0 0 0 0 0 0 0 0 0 0 0 0
0 0 0 0 0 0 0 0 0 0 0 0
0 0 0 0 0 0 0 0 0 0 0 0
0 0 0 0 0 0 0 0 0 0 0 0
0 0 0 0 0 0 0 0 0 0 0 0
3 0.428571428571429 0 4.95457546125611e-08 7.07796494465159e-09 0 0 3 0.428571428571429 0 7.07796494465159e-09 0
3 0.428571428571429 0 4.95457546125611e-08 7.07796494465159e-09 0 0 2.54502024416874 0.857142857142857 0 1.41559298893032e-08 0
3 0.428571428571429 0 4.95457546125611e-08 7.07796494465159e-09 0 0 2.15904268107623 1.28571428571429 0 2.12338948339548e-08 0
3 0.428571428571429 0 4.95457546125611e-08 7.07796494465159e-09 0 0 1.83160244378779 1.71428571428571 0 2.83118597786064e-08 0
3 0.428571428571429 0 4.95457546125611e-08 7.07796494465159e-09 0 0 1.55382176623628 2.14285714285714 0 3.53898247232579e-08 0
3 0.428571428571429 0 4.95457546125611e-08 7.07796494465159e-09 0 0 1.31816928363379 2.57142857142857 0 4.24677896679095e-08 0
3 0.428571428571429 0 4.95457546125611e-08 7.07796494465159e-09 0 0 1.11825583736313 3 0 4.95457546125611e-08 0
3 0 0 4.95457546125611e-08 0 0 0 0.948661248083012 3 0 4.95457546125611e-08 0
3 0 0 4.95457546125611e-08 0 0 0 0.804787360409883 3 0 4.95457546125611e-08 0
3 0 0 4.95457546125611e-08 0 0 0 0.682733374831425 3 0 4.95457546125611e-08 0
3 0 0 4.95457546125611e-08 0 0 0 0.579190086771873 3 0 4.95457546125611e-08 0
3 0 0 4.95457546125611e-08 0 0 0 0.491350165352088 3 0 4.95457546125611e-08 0
3 0 0 4.95457546125611e-08 0 0 0 0.416832039265574 3 0 4.95457546125611e-08 0
3 0 0 4.95457546125611e-08 0 0 0 0.353615326116341 3 0 4.95457546125611e-08 0
3 0 0 4.95457546125611e-08 0 0 0 0.29998605453814 3 0 4.95457546125611e-08 0
3 0 0 4.95457546125611e-08 0 0 0 0.254490193922624 3 0 4.95457546125611e-08 0
3 0 0 4.95457546125611e-08 0 0 0 0.215894231825169 3 0 4.95457546125611e-08 0
3 0 0 4.95457546125611e-08 0 0 0 0.183151730198104 3 0 4.95457546125611e-08 0
3 0 0 4.95457546125611e-08 0 0 0 0.155374953702902 3 0 4.95457546125611e-08 0
3 0 0 4.95457546125611e-08 0 0 0 0.131810800870222 3 0 4.95457546125611e-08 0
3 0 0 4.95457546125611e-08 0 0 0 0.11182038553827 3 0 4.95457546125611e-08 0
3 0 0 4.95457546125611e-08 0 0 0 0.0948617149685501 3 0 4.95457546125611e-08 0
17 2 0 2.80759276137846e-07 3.30305030750407e-08 0 0 14.0804749949972 5 0 8.25762576876019e-08 0
79 10.8571428571429 0.285714285714286 1.30470487146411e-06 1.79308445264507e-07 4.71864329643439e-09 2 73.9450313032598 15.8571428571429 0.285714285714286 2.61884702952109e-07 4.71864329643439e-09
132 18.4285714285714 0.285714285714286 2.18001320295269e-06 3.04352492620018e-07 4.71864329643439e-09 2 115.730533874162 34.2857142857143 0.571428571428571 5.66237195572127e-07 9.43728659286878e-09
229 32.2857142857143 0.857142857142857 3.78199260209217e-06 5.33206692497086e-07 1.41559298893032e-08 6 195.178850526066 66.5714285714286 1.42857142857143 1.09944388806921e-06 2.3593216482172e-08
322 45.5714285714286 1.57142857142857 5.31791099508156e-06 7.52623605781285e-07 2.59525381303892e-08 11 258.578041940808 112.142857142857 3 1.8520674938505e-06 4.95457546125611e-08
400 56.7142857142857 1.71428571428571 6.60610061500815e-06 9.36650694342227e-07 2.83118597786064e-08 12 297.362117145623 168.857142857143 4.71428571428571 2.78871818819273e-06 7.78576143911675e-08
650 92.4285714285714 2.42857142857143 1.07349134993882e-05 1.52648110639653e-06 4.01084680196923e-08 17 502.264202661495 261.285714285714 7.14285714285714 4.31519929458925e-06 1.1796608241086e-07
888 124.428571428571 3 1.46655433653181e-05 2.05496915559718e-06 4.95457546125611e-08 21 664.090854564925 385.714285714286 10.1428571428571 6.37016845018643e-06 1.67511837023421e-07
1128 149.857142857143 3.85714285714286 1.8629203734323e-05 2.47492840897984e-06 6.37016845018643e-08 29 803.374889611684 535.571428571429 14 8.84509685916627e-06 2.31213521525285e-07
1689 222.428571428571 4.71428571428571 2.78942598468719e-05 3.67346380627417e-06 7.78576143911675e-08 35 1242.53511923952 758 18.7142857142857 1.25185606654404e-05 3.09071135916453e-07
2036 258.142857142857 6.57142857142857 3.36250521303915e-05 4.26329421832847e-06 1.08528795817991e-07 52 1401.09234418507 1016.14285714286 25.2857142857143 1.67818548837689e-05 4.17599931734444e-07
2502 311.428571428571 9.85714285714286 4.1321159346876e-05 5.14332119311349e-06 1.62793193726987e-07 80 1654.60279330027 1327.57142857143 35.1428571428571 2.19251760768824e-05 5.8039312546143e-07
3089 384.142857142857 13.5714285714286 5.10156119994004e-05 6.34421591205604e-06 2.24135556580634e-07 107 1990.66586833578 1711.71428571429 48.7142857142857 2.82693919889384e-05 8.04528682042064e-07
3858 458.285714285714 18.7142857142857 6.37158404317536e-05 7.56870384748077e-06 3.09071135916453e-07 148 2457.76164476343 2170 67.4285714285714 3.58380958364192e-05 1.11359981795852e-06
4636 535.428571428571 25.1428571428571 7.65647061279444e-05 8.84273753751805e-06 4.15240610086227e-07 197 2863.0177137548 2705.42857142857 92.5714285714286 4.46808333739373e-05 1.52884042804474e-06
5883 679.285714285714 29.1428571428571 9.71592247952324e-05 1.12185744372728e-05 4.81301616236308e-07 233 3675.81268030655 3384.71428571429 121.714285714286 5.589940781121e-05 2.01014204428105e-06
7375 812.285714285714 47.2857142857143 0.000121799980089213 1.3415102891763e-05 7.80935465559892e-07 366 4610.33922838411 4197 169 6.9314510702973e-05 2.79107750984094e-06
9172 1019.42857142857 58.8571428571429 0.000151477887102137 1.68361192816779e-05 9.72040519065485e-07 464 5708.13555624095 5216.42857142857 227.857142857143 8.61506299846509e-05 3.76311802890643e-06
10149 1092.42857142857 78.7142857142857 0.000167613287854294 1.80417326439169e-05 1.29998622816767e-06 631 5819.4401823642 6308.85714285714 306.571428571429 0.000104192362628568 5.0631042570741e-06
12462 1339 102.857142857143 0.000205813064660579 2.21139218087398e-05 1.69871158671638e-06 827 7249.86435794863 7647.85714285714 409.428571428571 0.000126306284437308 6.76181584379048e-06
15113 1607.85714285714 124 0.000249594996486545 2.65541651506845e-05 2.04789119065253e-06 1016 8801.35051948555 9255.71428571429 533.428571428571 0.000152860449587992 8.80970703444301e-06
17660 1860.57142857143 153 0.00029165934215261 3.07278051463808e-05 2.52683348524062e-06 1268 10013.5384160386 11116.2857142857 686.428571428571 0.000183588254734373 1.13365405196836e-05
21157 2182 172.571428571429 0.000349413176779319 3.60362788548695e-05 2.85006055104637e-06 1441 11991.8859948599 13298.2857142857 859 0.000219624533589242 1.418660107073e-05
23980 2372.14285714286 206.428571428571 0.000396035731869739 3.91765359686465e-05 3.40921978167385e-06 1811 12996.197540894 15670.4285714286 1065.42857142857 0.000258801069557889 1.75958208524038e-05
27980 2686.85714285714 242 0.00046209673801982 4.4374121559669e-05 3.99669087207993e-06 2158 15025.195279597 18357.2857142857 1307.42857142857 0.000303175191117558 2.15925117244838e-05
31506 3051 267.714285714286 0.000520329514941117 5.03880324409747e-05 4.42136876875903e-06 2505 16272.4753863877 21408.2857142857 1575.14285714286 0.000353563223558533 2.60138804932428e-05
35713 3321.57142857143 307.285714285714 0.000589809178159465 5.4856587642698e-05 5.07490086531519e-06 2978 18011.5930936981 24729.8571428571 1882.42857142857 0.000408419811201231 3.1088781358558e-05
41035 3703.14285714286 341.571428571429 0.000677703346842149 6.11583357650862e-05 5.64113806088732e-06 3407 20601.9563510638 28433 2224 0.000469578146966317 3.67299194194453e-05
47021 4194.42857142857 394.857142857143 0.000776563642545745 6.92720429133051e-05 6.52116503567233e-06 4032 23463.465327646 32627.4285714286 2618.85714285714 0.000538850189879622 4.32510844551176e-05
53578 4631.57142857143 483.714285714286 0.000884854146877267 7.64915671568497e-05 7.98866310086343e-06 4827 26461.9980857368 37259 3102.57142857143 0.000615341757036472 5.12397475559811e-05
59138 5022.57142857143 523.571428571429 0.00097667894542588 8.29490305080202e-05 8.64691384071602e-06 5476 28008.7736097848 42281.5714285714 3626.14285714286 0.000698290787544492 5.98866613966971e-05
63927 5135.28571428571 559.857142857143 0.00105577048503906 8.48105352884635e-05 9.24618153936319e-06 6077 28549.9652837472 47416.8571428571 4186 0.000783101322832955 6.91328429360603e-05
69176 5381.42857142857 616.428571428571 0.00114245904035951 8.88756464883418e-05 1.01804729120572e-05 6820 29469.0798724837 52798.2857142857 4802.42857142857 0.000871976969321297 7.93133158481175e-05
74386 5524.71428571429 646.714285714286 0.00122850350086999 9.12420461015036e-05 1.06806491014792e-05 7505 30209.8016174989 58323 5449.14285714286 0.000963219015422801 8.99939649495967e-05
80539 5643.42857142857 679.714285714286 0.00133012184358035 9.32026423911721e-05 1.12256524022174e-05 8165 31781.185562952 63966.4285714286 6128.85714285714 0.00105642165781397 0.000101219617351814
86498 5639.57142857143 729.142857142857 0.00142853622749244 9.31389407066702e-05 1.20419776925006e-05 9136 32920.2535471321 69606 6858 0.00114956059852064 0.000113261595044315
92472 5556.28571428571 742.285714285714 0.00152719834017758 9.17634561857596e-05 1.22590352841366e-05 10023 33901.5705735396 75162.2857142857 7600.28571428571 0.0012413240547064 0.000125520630328451
97689 5507.28571428571 757.857142857143 0.00161335840744883 9.09542088604211e-05 1.25162013437922e-05 10781 33977.0611395912 80669.5714285714 8358.14285714286 0.00133227826356682 0.000138036831672243
101739 5401.71428571429 787.714285714286 0.00168024517617579 8.92106701623886e-05 1.30092995682696e-05 11591 32874.1028125395 86071.2857142857 9145.85714285714 0.00142148893372921 0.000151046131240513
105792 5230.85714285714 801.428571428571 0.00174718149065736 8.63889214711209e-05 1.32357944464985e-05 12430 31941.4190555991 91302.1428571429 9947.28571428571 0.00150787785520033 0.000164281925687012
110574 5169.71428571429 807.428571428571 0.00182615742350978 8.53791318056839e-05 1.33348859557236e-05 13157 31879.1860413256 96471.8571428571 10754.7142857143 0.00159325698700602 0.000177616811642735
115242 4957.57142857143 821.714285714286 0.00190325061768692 8.18755391580814e-05 1.35708181205453e-05 13917 31712.3912809317 101429.428571429 11576.4285714286 0.0016751325261641 0.00019118762976328
119827 4761.28571428571 792.142857142857 0.00197897304598645 7.86338312134309e-05 1.30824385393644e-05 14681 31487.8926003238 106190.714285714 12368.5714285714 0.00175376635737753 0.000204270068302645
124632 4594.28571428571 762.714285714286 0.00205832882962424 7.5875784206665e-05 1.25964182798316e-05 15362 31517.441371345 110785 13131.2857142857 0.00182964214158419 0.000216866486582476
128948 4465.57142857143 729.714285714286 0.00212960865526018 7.37500354016213e-05 1.20514149790934e-05 15889 31053.5087781582 115250.571428571 13861 0.00190339217698582 0.00022891790156157
132547 4401.14285714286 704.857142857143 0.00218904704554371 7.26859813382754e-05 1.16408930123036e-05 16525 29942.9361642947 119651.714285714 14565.8571428571 0.00197607815832409 0.000240558794573874
135586 4256.28571428571 671.285714285714 0.00223923689496624 7.02936291869831e-05 1.10864524249726e-05 17129 28440.7929026607 123908 15237.1428571429 0.00204637178751107 0.000251645246998846
139422 4121.14285714286 644.571428571429 0.00230258939986417 6.80617109077697e-05 1.0645259276756e-05 17669 27963.4645658274 128029.142857143 15881.7142857143 0.00211443349841884 0.000262290506275602
143626 4054.85714285714 623.428571428571 0.0023720195173279 6.69669856629969e-05 1.02960796728198e-05 18281 27926.5278057086 132084 16505.1428571429 0.00218140048408184 0.000272586585948422
147577 3964.28571428571 595.714285714286 0.00243727127615264 6.54711757380272e-05 9.83837127306571e-06 18851 27642.1928716232 136048.285714286 17100.8571428571 0.00224687165981987 0.000282424957221488
152271 3948.42857142857 586.857142857143 0.00251479386686976 6.52092910350751e-05 9.69209333087624e-06 19470 28143.9801504993 139996.714285714 17687.7142857143 0.00231208095085494 0.000292117050552364
156363 3916.42857142857 573.142857142857 0.0025823742761613 6.46808029858744e-05 9.46559845264739e-06 19901 27967.6664115013 143913.142857143 18260.8571428571 0.00237676175384082 0.000301582649005011
159516 3852.71428571429 562.857142857143 0.0026344468642591 6.36285455307696e-05 9.29572729397575e-06 20465 26879.0923998096 147765.857142857 18823.7142857143 0.00244039029937159 0.000310878376298987
162488 3843.14285714286 562.857142857143 0.00268353019182861 6.3470470980339e-05 9.29572729397575e-06 21069 25774.6114341325 151609 19386.5714285714 0.00250386077035193 0.000320174103592963
165155 3676.14285714286 568.285714285714 0.00272757636767918 6.07124239735731e-05 9.38538151660801e-06 21647 24532.6359618167 155285.142857143 19954.8571428571 0.0025645731943255 0.000329559485109571
168941 3616.42857142857 555.857142857143 0.00279010311000023 5.97262275246183e-05 9.18012053321311e-06 22172 24598.0183885485 158901.571428571 20510.7142857143 0.00262429942185012 0.000338739605642784
172434 3551 556.571428571429 0.00284779088362079 5.86456582097348e-05 9.1919171414542e-06 22747 24360.4849217636 162452.571428571 21067.2857142857 0.00268294508005985 0.000347931522784238
175925 3379.14285714286 536.714285714286 0.00290544562673827 5.58073942669296e-05 8.86397143235201e-06 23227 24156.9757612186 165831.714285714 21604 0.00273875247432678 0.00035679549421659
178972 3229.85714285714 537 0.0029557675981731 5.33419031445426e-05 8.86869007564844e-06 23660 23540.3307833983 169061.571428571 22141 0.00279209437747132 0.000365664184292239
181228 3101.71428571429 521.285714285714 0.00299302600564174 5.12255916260918e-05 8.60916469434455e-06 24114 22226.2061327257 172163.285714286 22662.2857142857 0.00284331996909742 0.000374273348986583
183957 3067 511.285714285714 0.00303809612708764 5.0652276465575e-05 8.44401217896934e-06 24648 21584.3815196181 175230.285714286 23173.5714285714 0.00289397224556299 0.000382717361165552
187327 3167.42857142857 491.142857142857 0.00309375252476908 5.23108795842717e-05 8.11134782657072e-06 25085 21680.8959750966 178397.714285714 23664.7142857143 0.00294628312514726 0.000390828708992123
189973 3004.57142857143 482.428571428571 0.00313745188033736 4.96212529053041e-05 7.96742920602947e-06 25549 21038.7730561124 181402.285714286 24147.1428571429 0.00299590437805257 0.000398796138198153
192994 2937.14285714286 460.285714285714 0.00318734445523221 4.85076530873456e-05 7.60173435055581e-06 25969 20869.0344467593 184339.428571429 24607.4285714286 0.00304441203113991 0.000406397872548708
195351 2775.14285714286 451 0.00322627090310614 4.58321823382673e-05 7.44837844342169e-06 26384 20061.0383810857 187114.571428571 25058.4285714286 0.00309024421347818 0.00041384625099213
197675 2671.85714285714 426.285714285714 0.00326465234767934 4.41263927866062e-05 7.04021579828011e-06 26644 19342.5829329697 189786.428571429 25484.7142857143 0.00313437060626479 0.00042088646679041
199414 2598 409 0.00329337237010309 4.29066234944779e-05 6.75473787884583e-06 26977 18148.0883796402 192384.428571429 25893.7142857143 0.00317727722975926 0.000427641204669256
201505 2506.85714285714 387.285714285714 0.00332790576106804 4.14013762829154e-05 6.39612098831682e-06 27359 17486.7507730493 194891.285714286 26281 0.00321867860604218 0.000434037325657573
203591 2323.42857142857 371 0.00336235657577531 3.83720072866045e-05 6.12715832042006e-06 27682 16920.7115740479 197214.714285714 26652 0.00325705061332878 0.000440164483977993
205463 2212.85714285714 345.428571428571 0.00339327312665355 3.65458923308844e-05 5.70483974538918e-06 27967 16226.5178338974 199427.571428571 26997.4285714286 0.00329359650565967 0.000445869323723382
207428 2062 323.857142857143 0.00342572559592478 3.4054448670367e-05 5.34858217650838e-06 28236 15730.605459878 201489.571428571 27321.2857142857 0.00332765095433003 0.000451217905899891
209328 1996.71428571429 332.285714285714 0.00345710457384606 3.29762386771318e-05 5.4877821537532e-06 28710 15244.9031161403 203486.285714286 27653.5714285714 0.00336062719300717 0.000456705688053644
210717 1863.14285714286 320 0.00348004425823168 3.07702729360487e-05 5.28488049200652e-06 28884 14321.8623503227 205349.428571429 27973.5714285714 0.00339139746594322 0.00046199056854565
211938 1789.14285714286 300.285714285714 0.00350020938035899 2.95481443222722e-05 4.95929410455255e-06 29079 13370.8098719231 207138.571428571 28273.8571428571 0.00342094561026549 0.000466949862650203
213013 1644 279.428571428571 0.00351796327576183 2.71510735276835e-05 4.61483314391284e-06 29315 12417.9939349918 208782.571428571 28553.2857142857 0.00344809668379317 0.000471564695794116
214457 1552.28571428571 286 0.00354181129898201 2.56363890295281e-05 4.72336193973083e-06 29684 11978.6819855063 210334.857142857 28839.2857142857 0.0034737330728227 0.000476288057733846
215858 1485 284.428571428571 0.00356494916638607 2.45251485332178e-05 4.69740940160044e-06 29958 11562.9960505243 211819.857142857 29123.7142857143 0.00349825822135592 0.000480985467135447
217185 1393.85714285714 280.714285714286 0.00358686490517636 2.30199013216552e-05 4.63606703874679e-06 30201 11136.3530106092 213213.714285714 29404.4285714286 0.00352127812267757 0.000485621534174194
218268 1277.14285714286 240.714285714286 0.0036047509225915 2.10923355350617e-05 3.97545697724598e-06 30395 10530.4146194033 214490.857142857 29645.1428571429 0.00354237045821263 0.00048959699115144
219070 1193.28571428571 239.428571428571 0.00361799615432459 1.97074137275582e-05 3.95422308241202e-06 30560 9735.37279529057 215684.142857143 29884.5714285714 0.00356207787194019 0.000493551214233852
219814 1125.14285714286 237.142857142857 0.0036302835014685 1.85820173013586e-05 3.91647393604055e-06 30739 9002.9069495147 216809.285714286 30121.7142857143 0.00358065988924155 0.000497467688169892
221216 1171.85714285714 228 0.00365343788412411 1.93535154803257e-05 3.76547735055464e-06 30911 9039.52681429411 217981.142857143 30349.7142857143 0.00360001340472188 0.000501233165520447
222104 1092.42857142857 203.142857142857 0.00366810342748942 1.80417326439169e-05 3.35495538376485e-06 31106 8556.59291336155 219073.571428571 30552.8571428571 0.00361805513736579 0.000504588120904212
223096 1034 201.428571428571 0.00368448655701465 1.70767700897961e-05 3.32664352398625e-06 31368 8250.90072853864 220107.571428571 30754.2857142857 0.00363513190745559 0.000507914764428198
223885 957.142857142857 201.285714285714 0.00369751709047775 1.58074550430552e-05 3.32428420233803e-06 31610 7788.56979558581 221064.714285714 30955.5714285714 0.00365093936249864 0.000511239048630536
224760 927.428571428571 195.428571428571 0.00371196793557308 1.5316716140226e-05 3.22755201476112e-06 31763 7482.35593429569 221992.142857143 31151 0.00366625607863887 0.000514466600645297
225435 909.285714285714 192.571428571429 0.0037231157303609 1.50170822909025e-05 3.18036558179678e-06 31908 7022.5824422862 222901.428571429 31343.5714285714 0.00368127316092977 0.000517646966227094
225886 867.428571428571 181.142857142857 0.00373056410880433 1.43258010479748e-05 2.9916198499394e-06 32007 6408.53816065411 223768.857142857 31524.7142857143 0.00369559896197775 0.000520638586077033
226699 783.285714285714 179.714285714286 0.00374399100830433 1.29361605971749e-05 2.96802663345723e-06 32169 6249.61978479753 224552.142857143 31704.4285714286 0.00370853512257492 0.000523606612710491
227364 751.428571428571 174.857142857143 0.00375497365057678 1.24100318696225e-05 2.88780969741785e-06 32330 5966.80295688906 225303.571428571 31879.2857142857 0.00372094515444455 0.000526494422407908
228006 701.428571428571 159.714285714286 0.00376557644206387 1.15842692927464e-05 2.63772160270683e-06 32486 5703.87810608285 226005 32039 0.00373252942373729 0.000529132144010615
228658 681.857142857143 143.714285714286 0.00377634438606633 1.12610422269407e-05 2.3734775781065e-06 32616 5490.82841675057 226686.857142857 32182.7142857143 0.00374379046596423 0.000531505621588722
229327 652.428571428571 138.857142857143 0.00378739308934493 1.07750219674079e-05 2.29326064206711e-06 32735 5327.08982596239 227339.285714286 32321.5714285714 0.00375456548793164 0.000533798882230789
229858 631.857142857143 125.285714285714 0.00379616268791136 1.04352796500647e-05 2.06912508548648e-06 32785 5050.18381652654 227971.142857143 32446.8571428571 0.00376500076758171 0.000535868007316275
230158 610.285714285714 124.285714285714 0.00380111726337261 1.00790220811839e-05 2.05260983394896e-06 32877 4584.27334994446 228581.428571429 32571.1428571429 0.00377507978966289 0.000537920617150224
230555 550.857142857143 112.285714285714 0.00380767381823301 9.09754427552551e-06 1.85442681549872e-06 32955 4286.02282680396 229132.285714286 32683.4285714286 0.00378417733393841 0.000539775043965723
231139 539.285714285714 106 0.00381731872513092 8.90643922201992e-06 1.75061666297716e-06 33072 4220.00495372847 229671.571428571 32789.4285714286 0.00379308377316043 0.0005415256606287
231732 532.285714285714 93.7142857142857 0.00382711226929267 8.79083246125727e-06 1.54771500123048e-06 33142 4172.99934591044 230203.857142857 32883.1428571429 0.00380187460562169 0.000543073375629931
232248 512.857142857143 87.5714285714286 0.00383563413908603 8.46996471709973e-06 1.44626417035714e-06 33229 4056.12260474832 230716.714285714 32970.7142857143 0.00381034457033879 0.000544519639800288
232664 476.714285714286 86.4285714285714 0.00384250448372564 7.87305634010078e-06 1.4273895971714e-06 33340 3856.9713806383 231193.428571429 33057.1428571429 0.00381821762667889 0.000545947029397459
233019 451.571428571429 90 0.00384836739802146 7.45781573001456e-06 1.48637263837683e-06 33415 3627.02341496798 231645 33147.1428571429 0.00382567544240891 0.000547433402035836
233197 434.142857142857 85.4285714285714 0.00385130711279514 7.16997848893206e-06 1.41087434563388e-06 33475 3254.94933905584 232079.142857143 33232.5714285714 0.00383284542089784 0.00054884427638147
233515 422.857142857143 82.1428571428571 0.00385655896278407 6.9835920787229e-06 1.35660994772489e-06 33530 3079.30398721359 232502 33314.7142857143 0.00383982901297656 0.000550200886329195
233836 385.285714285714 75.5714285714286 0.00386186035852761 6.36309048524178e-06 1.2480811519069e-06 33601 2933.29699513603 232887.285714286 33390.2857142857 0.0038461921034618 0.000551448967481102
234013 325.857142857143 78.1428571428571 0.00386478355804975 5.38161267958342e-06 1.29054894157481e-06 33689 2665.43341159351 233213.142857143 33468.4285714286 0.00385157371614139 0.000552739516422676
234531 326.142857142857 77.8571428571429 0.00387333845834619 5.38633132287986e-06 1.28583029827837e-06 33774 2779.19399732974 233539.285714286 33546.2857142857 0.00385696004746427 0.000554025346720955
234801 305.285714285714 72.2857142857143 0.00387779757626132 5.04187036224015e-06 1.1938167539979e-06 33846 2627.70166189215 233844.571428571 33618.5714285714 0.00386200191782651 0.000555219163474953
234998 282.714285714286 69.1428571428571 0.00388105108081421 4.66909754182183e-06 1.14191167773712e-06 33899 2426.18464171712 234127.285714286 33687.7142857143 0.00386667101536833 0.00055636107515269
235278 297.285714285714 69.8571428571429 0.00388567535124472 4.90974834993999e-06 1.15370828597821e-06 33964 2338.22967642045 234424.571428571 33757.5714285714 0.00387158076371827 0.000557514783438668
235561 292.285714285714 73.2857142857143 0.00389034916742984 4.82717209225238e-06 1.21033200553542e-06 34043 2266.61395400205 234716.857142857 33830.8571428571 0.00387640793581052 0.000558725115444204
235763 275.285714285714 73.2857142857143 0.00389368524824042 4.54641281611454e-06 1.21033200553542e-06 34114 2124.85946621686 234992.142857143 33904.1428571429 0.00388095434862664 0.000559935447449739
236142 304.142857142857 68.2857142857143 0.00389994452857314 5.02299578905441e-06 1.12775574784782e-06 34167 2181.60345251183 235296.285714286 33972.4285714286 0.00388597734441569 0.000561063203197587
236305 253.428571428571 64.1428571428571 0.00390263651457375 4.18543660393731e-06 1.05933542004952e-06 34223 2013.74165046367 235549.714285714 34036.5714285714 0.00389016278101963 0.000562122538617636
236651 264.285714285714 65 0.00390835079160573 4.36474504920181e-06 1.07349134993882e-06 34301 2054.33775565194 235814 34101.5714285714 0.00389452752606883 0.000563196029967575
236989 284.428571428571 63.7142857142857 0.00391393294662542 4.69740940160044e-06 1.05225745510487e-06 34345 2080.77705883145 236098.428571429 34165.2857142857 0.00389922493547043 0.00056424828742268
237290 287.428571428571 58.1428571428571 0.00391890403733821 4.746955156213e-06 9.60243910824399e-07 34371 2066.20657944264 236385.857142857 34223.4285714286 0.00390397189062664 0.000565208531333504
237500 277 51.7142857142857 0.00392237224016109 4.57472467589314e-06 8.54074436654625e-07 34405 1962.84585777205 236662.857142857 34275.1428571429 0.00390854661530254 0.000566062605770159
237828 295 47.7142857142857 0.00392778924266539 4.87199920356851e-06 7.88013430504543e-07 34448 1993.16081473754 236957.857142857 34322.8571428571 0.0039134186145061 0.000566850619200664
238159 288.142857142857 49.5714285714286 0.00393325579092431 4.75875176445409e-06 8.18684611931367e-07 34514 2021.87820779697 237246 34372.4285714286 0.00391817736627056 0.000567669303812595
