# totalCases dailyCases dailyDeceased totalCasesNormalized dailyCasesNormalized dailyDeceasedNormalized totalDeceased Sick totalCasesAveraged totalDeathsAv
0 0 0 0 0 0 0 0 0 0 0 0
0 0 0 0 0 0 0 0 0 0 0 0
0 0 0 0 0 0 0 0 0 0 0 0
0 0 0 0 0 0 0 0 0 0 0 0
0 0 0 0 0 0 0 0 0 0 0 0
0 0 0 0 0 0 0 0 0 0 0 0
0 0 0 0 0 0 0 0 0 0 0 0
0 0 0 0 0 0 0 0 0 0 0 0
0 0 0 0 0 0 0 0 0 0 0 0
0 0 0 0 0 0 0 0 0 0 0 0
0 0 0 0 0 0 0 0 0 0 0 0
0 0 0 0 0 0 0 0 0 0 0 0
0 0 0 0 0 0 0 0 0 0 0 0
0 0 0 0 0 0 0 0 0 0 0 0
0 0 0 0 0 0 0 0 0 0 0 0
1 1 0 7.88268676554199e-09 7.88268676554199e-09 0 0 1 1 0 7.88268676554199e-09 0
1 0 0 7.88268676554199e-09 0 0 0 0.848340081389579 1 0 7.88268676554199e-09 0
1 0 0 7.88268676554199e-09 0 0 0 0.719680893692078 1 0 7.88268676554199e-09 0
1 0 0 7.88268676554199e-09 0 0 0 0.610534147929263 1 0 7.88268676554199e-09 0
1 0 0 7.88268676554199e-09 0 0 0 0.517940588745428 1 0 7.88268676554199e-09 0
1 0 0 7.88268676554199e-09 0 0 0 0.439389761211263 1 0 7.88268676554199e-09 0
1 0 0 7.88268676554199e-09 0 0 0 0.372751945787711 1 0 7.88268676554199e-09 0
1 0 0 7.88268676554199e-09 0 0 0 0.316220416027671 1 0 7.88268676554199e-09 0
1 0 0 7.88268676554199e-09 0 0 0 0.268262453469961 1 0 7.88268676554199e-09 0
2 1 0 1.5765373531084e-08 7.88268676554199e-09 0 0 1.22757779161047 2 0 1.5765373531084e-08 0
2 0 0 1.5765373531084e-08 0 0 0 1.04140344364687 2 0 1.5765373531084e-08 0
3 1 0 2.3648060296626e-08 7.88268676554199e-09 0 0 1.88346428214277 3 0 2.3648060296626e-08 0
3 0 0 2.3648060296626e-08 0 0 0 1.59781824240737 3 0 2.3648060296626e-08 0
4 1 0 3.1530747062168e-08 7.88268676554199e-09 0 0 2.35549325780962 4 0 3.1530747062168e-08 0
7 3 0 5.51788073587939e-08 2.3648060296626e-08 0 0 4.99825934204282 7 0 5.51788073587939e-08 0
11 4 0 8.67095544209619e-08 3.1530747062168e-08 0 0 8.24022373703483 11 0 8.67095544209619e-08 0
14 3 0 1.10357614717588e-07 2.3648060296626e-08 0 0 9.99051207574447 14 0 1.10357614717588e-07 0
15 1 0 1.1824030148313e-07 7.88268676554199e-09 0 0 9.47535182746064 15 0 1.1824030148313e-07 0
19 4 0 1.49771048545298e-07 3.1530747062168e-08 0 0 12.0383207405029 19 0 1.49771048545298e-07 0
20 1 0 1.5765373531084e-07 7.88268676554199e-09 0 0 11.2125899967921 20 0 1.5765373531084e-07 0
20 0 0 1.5765373531084e-07 0 0 0 9.51208951046656 20 0 1.5765373531084e-07 0
25 5 0 1.9706716913855e-07 3.941343382771e-08 0 0 13.0694867894942 25 0 1.9706716913855e-07 0
25 0 0 1.9706716913855e-07 0 0 0 11.0873694867195 25 0 1.9706716913855e-07 0
25 0 0 1.9706716913855e-07 0 0 0 9.40585993275997 25 0 1.9706716913855e-07 0
25 0 0 1.9706716913855e-07 0 0 0 7.97936798089658 25 0 1.9706716913855e-07 0
25 0 0 1.9706716913855e-07 0 0 0 6.76921768235121 25 0 1.9706716913855e-07 0
25 0 0 1.9706716913855e-07 0 0 0 5.7425986795896 25 0 1.9706716913855e-07 0
25 0 0 1.9706716913855e-07 0 0 0 4.87167663123073 25 0 1.9706716913855e-07 0
25 0 0 1.9706716913855e-07 0 0 0 4.13283854984199 25 0 1.9706716913855e-07 0
29 4 1 2.28597916200718e-07 3.1530747062168e-08 7.88268676554199e-09 1 7.50605259174295 29 1 2.28597916200718e-07 7.88268676554199e-09
30 1 0 2.3648060296626e-07 7.88268676554199e-09 0 1 7.36768526659368 30 1 2.3648060296626e-07 7.88268676554199e-09
38 8 0 2.99542097090596e-07 6.30614941243359e-08 0 1 14.2503027187149 38 1 2.99542097090596e-07 7.88268676554199e-09
52 14 0 4.09899711808184e-07 1.10357614717588e-07 0 1 26.0891029682207 52 1 4.09899711808184e-07 7.88268676554199e-09
59 7 0 4.65078519166978e-07 5.51788073587939e-08 0 1 29.1324317354415 59 1 4.65078519166978e-07 7.88268676554199e-09
59 0 0 4.65078519166978e-07 0 0 1 24.7142095095208 59 1 4.65078519166978e-07 7.88268676554199e-09
66 7 0 5.20257326525771e-07 5.51788073587939e-08 0 1 27.966054506786 66 1 5.20257326525771e-07 7.88268676554199e-09
84 18 0 6.62145688305527e-07 1.41888361779756e-07 0 1 41.7247249564322 84 1 6.62145688305527e-07 7.88268676554199e-09
93 9 0 7.33089869195405e-07 7.09441808898779e-08 0 1 44.3967565654975 93 1 7.33089869195405e-07 7.88268676554199e-09
105 12 0 8.27682110381909e-07 9.45922411865039e-08 0 1 49.6635480782075 105 1 8.27682110381909e-07 7.88268676554199e-09
132 27 0 1.04051465305154e-06 2.12832542669634e-07 0 1 69.1315784187619 132 1 1.04051465305154e-06 7.88268676554199e-09
144 12 0 1.13510689423805e-06 9.45922411865039e-08 0 1 70.6470888623625 144 1 1.13510689423805e-06 7.88268676554199e-09
144 0 0 1.13510689423805e-06 0 0 1 59.9327571154335 144 1 1.13510689423805e-06 7.88268676554199e-09
164 20 0 1.29276062954889e-06 1.5765373531084e-07 0 1 70.8433600492087 164 1 1.29276062954889e-06 7.88268676554199e-09
186 22 2 1.46617973839081e-06 1.73419108841924e-07 1.5765373531084e-08 3 82.099261830057 186 3 1.46617973839081e-06 2.3648060296626e-08
210 24 0 1.65536422076382e-06 1.89184482373008e-07 0 3 93.6480944629349 210 3 1.65536422076382e-06 2.3648060296626e-08
230 20 0 1.81301795607466e-06 1.5765373531084e-07 0 3 99.4454320786652 230 3 1.81301795607466e-06 2.3648060296626e-08
239 9 2 1.88396213696454e-06 7.09441808898779e-08 1.5765373531084e-08 5 93.3635459434368 239 5 1.88396213696454e-06 3.941343382771e-08
254 15 1 2.00220243844767e-06 1.1824030148313e-07 7.88268676554199e-09 6 94.2040381644749 254 6 2.00220243844767e-06 4.7296120593252e-08
254 0 0 2.00220243844767e-06 0 0 6 79.9170614036777 254 6 2.00220243844767e-06 4.7296120593252e-08
268 14 0 2.11256005316525e-06 1.10357614717588e-07 0 6 81.7968463756119 268 6 2.11256005316525e-06 4.7296120593252e-08
317 49 0 2.49881170467681e-06 3.86251651511558e-07 0 6 118.391543311698 317 6 2.49881170467681e-06 4.7296120593252e-08
349 32 0 2.75105768117416e-06 2.52245976497344e-07 0 6 132.436291488883 349 6 2.75105768117416e-06 4.7296120593252e-08
408 59 0 3.21613620034113e-06 4.65078519166978e-07 0 6 171.351014300613 408 6 3.21613620034113e-06 4.7296120593252e-08
455 47 0 3.58662247832161e-06 3.70486277980474e-07 0 6 192.363933417969 455 6 3.58662247832161e-06 4.7296120593252e-08
488 33 1 3.84675114158449e-06 2.60128663262886e-07 7.88268676554199e-09 7 196.19003493222 488 7 3.84675114158449e-06 5.51788073587939e-08
514 26 2 4.05170099748858e-06 2.04949855904092e-07 1.5765373531084e-08 9 192.435870202224 514 9 4.05170099748858e-06 7.09441808898779e-08
568 54 3 4.47736608282785e-06 4.25665085339268e-07 2.3648060296626e-08 12 217.251061789629 568 12 4.47736608282785e-06 9.45922411865039e-08
619 51 3 4.87938310787049e-06 4.02017025042642e-07 2.3648060296626e-08 15 235.302783440586 619 15 4.87938310787049e-06 1.1824030148313e-07
675 56 4 5.32081356674084e-06 4.41430458870352e-07 3.1530747062168e-08 19 255.616782455182 675 19 5.32081356674084e-06 1.49771048545298e-07
737 62 2 5.80954014620445e-06 4.88726579463604e-07 1.5765373531084e-08 21 278.849962032571 737 21 5.80954014620445e-06 1.65536422076382e-07
780 43 1 6.14849567712275e-06 3.38955530918306e-07 7.88268676554199e-09 22 279.559599486193 780 22 6.14849567712275e-06 1.73419108841924e-07
814 34 2 6.41650702715118e-06 2.68011350028428e-07 1.5765373531084e-08 24 271.161613381355 814 24 6.41650702715118e-06 1.89184482373008e-07
824 10 4 6.4953338948066e-06 7.88268676554199e-08 3.1530747062168e-08 28 240.037265165668 824 28 6.4953338948066e-06 2.20715229435176e-07
829 5 0 6.53474732863431e-06 3.941343382771e-08 0 28 208.633233067175 829 28 6.53474732863431e-06 2.20715229435176e-07
873 44 1 6.88158554631816e-06 3.46838217683848e-07 7.88268676554199e-09 29 220.991933920778 873 29 6.88158554631816e-06 2.28597916200718e-07
950 77 4 7.48855242726489e-06 6.06966880946733e-07 3.1530747062168e-08 33 264.476315208794 950 33 7.48855242726489e-06 2.60128663262886e-07
1007 57 2 7.93786557290079e-06 4.49313145635894e-07 1.5765373531084e-08 35 281.365858769844 1007 35 7.93786557290079e-06 2.7589403679397e-07
1046 39 1 8.24529035675692e-06 3.07424783856138e-07 7.88268676554199e-09 36 277.693935529058 1046 36 8.24529035675692e-06 2.83776723559512e-07
1089 43 5 8.58424588767523e-06 3.38955530918306e-07 3.941343382771e-08 41 278.578895868114 1089 41 8.58424588767523e-06 3.23190157387222e-07
1128 39 1 8.89167067153137e-06 3.07424783856138e-07 7.88268676554199e-09 42 275.329643194175 1128 42 8.89167067153137e-06 3.31072844152764e-07
1193 65 1 9.4040453112916e-06 5.1237463976023e-07 7.88268676554199e-09 43 298.57317191631 1193 43 9.4040453112916e-06 3.38955530918306e-07
1268 75 2 9.99524681870725e-06 5.91201507415649e-07 1.5765373531084e-08 45 328.291588964227 1268 45 9.99524681870725e-06 3.5472090444939e-07
1364 96 1 1.07519847481993e-05 7.56737929492031e-07 7.88268676554199e-09 46 374.502913301427 1364 46 1.07519847481993e-05 3.62603591214932e-07
1499 135 3 1.18161474615474e-05 1.06416271334817e-06 2.3648060296626e-08 49 452.705831950767 1499 49 1.18161474615474e-05 3.86251651511558e-07
1693 194 3 1.33453886940626e-05 1.52924123251515e-06 2.3648060296626e-08 52 578.048502322651 1693 52 1.33453886940626e-05 4.09899711808184e-07
1866 173 2 1.47090935045014e-05 1.36370481043876e-06 1.5765373531084e-08 54 663.381713507522 1866 54 1.47090935045014e-05 4.25665085339268e-07
1953 87 2 1.53948872531035e-05 6.85793748602153e-07 1.5765373531084e-08 56 649.77329682933 1953 56 1.53948872531035e-05 4.41430458870352e-07
1953 0 0 1.53948872531035e-05 0 0 56 551.228731516969 1953 56 1.53948872531035e-05 4.41430458870352e-07
2178 225 1 1.71684917753505e-05 1.77360452224695e-06 7.88268676554199e-09 57 692.62942695938 2178 57 1.71684917753505e-05 4.49313145635894e-07
2617 439 6 2.06289912654234e-05 3.46049949007293e-06 4.7296120593252e-08 63 1026.58530443954 2617 63 2.06289912654234e-05 4.96609266229145e-07
2935 318 6 2.31356856568657e-05 2.50669439144235e-06 4.7296120593252e-08 69 1188.89346072158 2935 69 2.31356856568657e-05 5.43905386822397e-07
3271 336 1 2.57842684100879e-05 2.64858275322211e-06 7.88268676554199e-09 70 1344.58597523209 3271 70 2.57842684100879e-05 5.51788073587939e-07
3654 383 3 2.88033374412904e-05 3.01906903120258e-06 2.3648060296626e-08 73 1523.66617566368 3654 73 2.88033374412904e-05 5.75436133884565e-07
3906 252 7 3.0789774506207e-05 1.98643706491658e-06 5.51788073587939e-08 80 1544.58708747307 3906 80 3.0789774506207e-05 6.30614941243359e-07
4257 351 1 3.35565975609123e-05 2.76682305470524e-06 7.88268676554199e-09 81 1661.3351355002 4257 81 3.35565975609123e-05 6.38497628008901e-07
4768 511 4 3.75846504981042e-05 4.02805293719196e-06 3.1530747062168e-08 85 1920.37718406561 4768 85 3.75846504981042e-05 6.70028375071069e-07
5347 579 3 4.2148726135353e-05 4.56407563724881e-06 2.3648060296626e-08 88 2208.13293662891 5347 88 4.2148726135353e-05 6.93676435367695e-07
6005 658 6 4.73355340270797e-05 5.18680789172663e-06 4.7296120593252e-08 94 2531.24767517878 6005 94 4.73355340270797e-05 7.40972555960947e-07
6748 743 4 5.31923702938774e-05 5.8568362667977e-06 3.1530747062168e-08 98 2890.35885877835 6748 98 5.31923702938774e-05 7.72503303023115e-07
7255 507 4 5.71888924840072e-05 3.99652219012979e-06 3.1530747062168e-08 102 2959.00726950112 7255 102 5.71888924840072e-05 8.04034050085283e-07
7645 390 7 6.02631403225685e-05 3.07424783856138e-06 5.51788073587939e-08 109 2900.24446784093 7645 109 6.02631403225685e-05 8.59212857444077e-07
8100 455 10 6.38497628008901e-05 3.58662247832161e-06 7.88268676554199e-08 119 2915.39362789786 8100 119 6.38497628008901e-05 9.38039725099497e-07
8582 482 17 6.76492178218814e-05 3.79945502099124e-06 1.34005675014214e-07 136 2955.24526757353 8582 136 6.76492178218814e-05 1.07204540011371e-06
9167 585 12 7.22605895797234e-05 4.61137175784207e-06 9.45922411865039e-08 148 3092.0530108195 9167 148 7.22605895797234e-05 1.16663764130021e-06
9795 628 6 7.72109168684838e-05 4.95032728876037e-06 4.7296120593252e-08 154 3251.11250285951 9795 154 7.72109168684838e-05 1.21393376189347e-06
10361 566 7 8.16725175777806e-05 4.46160070929677e-06 5.51788073587939e-08 161 3324.04904528251 10361 161 8.16725175777806e-05 1.26911256925226e-06
10751 390 10 8.4746765416342e-05 3.07424783856138e-06 7.88268676554199e-08 171 3209.92403761792 10751 171 8.4746765416342e-05 1.34793943690768e-06
11118 367 15 8.76397114592959e-05 2.89294604295391e-06 1.1824030148313e-07 186 3090.10721932715 11118 186 8.76397114592959e-05 1.46617973839081e-06
11496 378 0 9.06193670566707e-05 2.97965559737487e-06 0 186 2999.46180994652 11496 186 9.06193670566707e-05 1.46617973839081e-06
11772 276 101 9.27949886039603e-05 2.17562154728959e-06 7.96151363319741e-07 287 2820.56367597497 11772 287 9.27949886039603e-05 2.26233110171055e-06
12240 468 30 9.6484086010234e-05 3.68909740627365e-06 2.3648060296626e-07 317 2860.7972184411 12240 317 9.6484086010234e-05 2.49881170467681e-06
12892 652 17 0.000101623597781367 5.13951177113338e-06 1.34005675014214e-07 334 3078.9289451314 12892 334 0.000101623597781367 2.63281737969103e-06
13182 290 14 0.000103909576943375 2.28597916200718e-06 1.10357614717588e-07 348 2901.97883190551 13182 348 0.000103909576943375 2.74317499440861e-06
13385 203 3 0.00010550976235678 1.60018541340502e-06 2.3648060296626e-08 351 2664.86495844955 13385 351 0.00010550976235678 2.76682305470524e-06
13576 191 25 0.000107015355528998 1.50559317221852e-06 1.9706716913855e-07 376 2451.71175574333 13576 376 0.000107015355528998 2.96389022384379e-06
13852 276 13 0.000109190977076288 2.17562154728959e-06 1.02474927952046e-07 389 2355.88535041109 13852 389 0.000109190977076288 3.06636515179583e-06
14088 236 26 0.000111051291152956 1.86031407666791e-06 2.04949855904092e-07 415 2234.59196991226 14088 415 0.000111051291152956 3.27131500769993e-06
14281 193 17 0.000112572649698705 1.5213585457496e-06 1.34005675014214e-07 432 2088.69393362787 14281 432 0.000112572649698705 3.40532068271414e-06
14544 263 26 0.000114645796318043 2.07314661933754e-06 2.04949855904092e-07 458 2034.92278165179 14544 458 0.000114645796318043 3.61027053861823e-06
14839 295 34 0.000116971188913878 2.32539259583489e-06 2.68011350028428e-07 492 2021.30655820799 14839 492 0.000116971188913878 3.87828188864666e-06
15057 218 18 0.000118689614628766 1.71842571488815e-06 1.41888361779756e-07 510 1932.75537010345 15057 510 0.000118689614628766 4.02017025042642e-06
15231 174 11 0.00012006120212597 1.37158749720431e-06 8.67095544209619e-08 521 1813.63384797971 15231 521 0.00012006120212597 4.10687980484738e-06
15354 123 22 0.000121030772598132 9.69570472161665e-07 1.73419108841924e-07 543 1661.578286206 15354 543 0.000121030772598132 4.2802989136893e-06
15463 109 8 0.000121889985455576 8.59212857444077e-07 6.30614941243359e-08 551 1518.58345855516 15463 551 0.000121889985455576 4.34336040781364e-06
15547 84 6 0.000122552131143881 6.62145688305527e-07 4.7296120593252e-08 557 1372.27521482755 15547 557 0.000122552131143881 4.39065652840689e-06
15628 81 44 0.00012319062877189 6.38497628008901e-07 3.46838217683848e-07 601 1245.15606743571 15628 601 0.00012319062877189 4.73749474609074e-06
15747 119 12 0.00012412866849699 9.38039725099497e-07 9.45922411865039e-08 613 1175.31579959114 15747 613 0.00012412866849699 4.83208698727724e-06
15798 51 8 0.000124530685522032 4.02017025042642e-07 6.30614941243359e-08 621 1048.0675010836 15798 621 0.000124530685522032 4.89514848140158e-06
15874 76 22 0.000125129769716214 5.99084194181191e-07 1.73419108841924e-07 643 965.117669171038 15874 643 0.000125129769716214 5.0685675902435e-06
16024 150 25 0.000126312172731045 1.1824030148313e-06 1.9706716913855e-07 668 968.748002015079 16024 668 0.000126312172731045 5.26563475938205e-06
16079 55 19 0.00012674572050315 4.3354777210481e-07 1.49771048545298e-07 687 876.827758875465 16079 687 0.00012674572050315 5.41540580792735e-06
16193 114 23 0.000127644346794421 8.98626291271787e-07 1.81301795607466e-07 710 857.848132329054 16193 710 0.000127644346794421 5.59670760353481e-06
16237 44 15 0.000127991185012105 3.46838217683848e-07 1.1824030148313e-07 725 771.746954399928 16237 725 0.000127991185012105 5.71494790501794e-06
16285 48 19 0.000128369553976851 3.78368964746016e-07 1.49771048545298e-07 744 702.703874107795 16285 744 0.000128369553976851 5.86471895356324e-06
16305 20 5 0.000128527207712162 1.5765373531084e-07 3.941343382771e-08 749 616.13186175338 16305 749 0.000128527207712162 5.90413238739095e-06
16365 60 14 0.000129000168918095 4.7296120593252e-07 1.10357614717588e-07 763 582.689353746575 16365 763 0.000129000168918095 6.01449000210854e-06
16385 20 8 0.000129157822653406 1.5765373531084e-07 6.30614941243359e-08 771 514.318733782211 16385 771 0.000129157822653406 6.07755149623288e-06
16424 39 6 0.000129465247437262 3.07424783856138e-07 4.7296120593252e-08 777 475.317196476986 16424 777 0.000129465247437262 6.12484761682613e-06
16513 89 19 0.000130166806559395 7.01559122133237e-07 1.49771048545298e-07 796 492.230629145153 16513 796 0.000130166806559395 6.27461866537143e-06
16536 23 12 0.000130348108355002 1.81301795607466e-07 9.45922411865039e-08 808 440.578971991443 16536 808 0.000130348108355002 6.36921090655793e-06
16550 14 12 0.00013045846596972 1.10357614717588e-07 9.45922411865039e-08 820 387.760800957758 16550 820 0.00013045846596972 6.46380314774443e-06
16581 31 10 0.000130702829259452 2.44363289731802e-07 7.88268676554199e-08 830 359.953029444193 16581 830 0.000130702829259452 6.54263001539985e-06
16623 42 16 0.000131033902103605 3.31072844152764e-07 1.26122988248672e-07 846 347.362582295112 16623 846 0.000131033902103605 6.66875300364853e-06
16651 28 12 0.00013125461733304 2.20715229435176e-07 9.45922411865039e-08 858 322.68160133593 16651 858 0.00013125461733304 6.76334524483503e-06
16651 0 0 0.00013125461733304 0 0 858 273.743735940243 16651 858 0.00013125461733304 6.76334524483503e-06
16719 68 16 0.000131790640033097 5.36022700056856e-07 1.26122988248672e-07 874 300.227783227433 16719 874 0.000131790640033097 6.8894682330837e-06
16804 85 12 0.000132460668408168 6.70028375071069e-07 9.45922411865039e-08 886 339.695262058574 16804 886 0.000132460668408168 6.9840604742702e-06
16851 47 5 0.000132831154686148 3.70486277980474e-07 3.941343382771e-08 891 335.177106262425 16851 891 0.000132831154686148 7.02347390809791e-06
16884 33 1 0.000133091283349411 2.60128663262886e-07 7.88268676554199e-09 892 317.344173606589 16884 892 0.000133091283349411 7.03135659486346e-06
16930 46 2 0.000133453886940626 3.62603591214932e-07 1.5765373531084e-08 894 315.215782065923 16930 894 0.000133453886940626 7.04712196839454e-06
16986 56 6 0.000133895317399496 4.41430458870352e-07 4.7296120593252e-08 900 323.410182213085 16986 900 0.000133895317399496 7.09441808898779e-06
17018 32 3 0.000134147563375994 2.52245976497344e-07 2.3648060296626e-08 903 306.361820300867 17018 903 0.000134147563375994 7.11806614928442e-06
17064 46 4 0.000134510166967209 3.62603591214932e-07 3.1530747062168e-08 907 305.899011568697 17064 907 0.000134510166967209 7.14959689634659e-06
17103 39 7 0.000134817591751065 3.07424783856138e-07 5.51788073587939e-08 914 298.50639237118 17103 914 0.000134817591751065 7.20477570370538e-06
17141 38 2 0.000135117133848155 2.99542097090596e-07 1.5765373531084e-08 916 291.234937199477 17141 916 0.000135117133848155 7.22054107723646e-06
17174 33 0 0.000135377262511418 2.60128663262886e-07 0 916 280.066270327293 17174 916 0.000135377262511418 7.22054107723646e-06
17210 36 0 0.000135661039234978 2.83776723559512e-07 0 916 273.591442563932 17210 916 0.000135661039234978 7.22054107723646e-06
17251 41 3 0.000135984229392365 3.23190157387222e-07 2.3648060296626e-08 919 273.098586652178 17251 919 0.000135984229392365 7.24418913753309e-06
17292 41 1 0.000136307419549752 3.23190157387222e-07 7.88268676554199e-09 920 272.680477227888 17292 920 0.000136307419549752 7.25207182429863e-06
17332 40 2 0.000136622727020374 3.1530747062168e-07 1.5765373531084e-08 922 271.325778244856 17332 922 0.000136622727020374 7.26783719782972e-06
17382 50 2 0.000137016861358651 3.941343382771e-07 1.5765373531084e-08 924 280.176532799332 17382 924 0.000137016861358651 7.2836025713608e-06
17429 47 1 0.000137387347636631 3.70486277980474e-07 7.88268676554199e-09 925 284.684982638436 17429 925 0.000137387347636631 7.29148525812634e-06
17502 73 0 0.000137962783770516 5.75436133884565e-07 0 925 314.509681341881 17502 925 0.000137962783770516 7.29148525812634e-06
17587 85 2 0.000138632812145587 6.70028375071069e-07 1.5765373531084e-08 927 351.811168667382 17587 927 0.000138632812145587 7.30725063165743e-06
17628 41 4 0.000138956002302974 3.23190157387222e-07 3.1530747062168e-08 931 339.45551546105 17628 931 0.000138956002302974 7.33878137871959e-06
17668 40 4 0.000139271309773596 3.1530747062168e-07 3.1530747062168e-08 935 327.973719614369 17668 935 0.000139271309773596 7.37031212578176e-06
17740 72 0 0.000139838863220715 5.67553447119023e-07 0 935 350.233251991297 17740 935 0.000139838863220715 7.37031212578176e-06
17799 59 17 0.000140303941739882 4.65078519166978e-07 1.34005675014214e-07 952 356.116905499634 17799 952 0.000140303941739882 7.50431780079598e-06
17799 0 0 0.000140303941739882 0 0 952 302.108244595765 17799 952 0.000140303941739882 7.50431780079598e-06
17916 117 1 0.00014122621609145 9.22274351568413e-07 7.88268676554199e-09 953 373.290532808834 17916 953 0.00014122621609145 7.51220048756152e-06
17968 52 2 0.000141636115803258 4.09899711808184e-07 1.5765373531084e-08 955 368.677320985006 17968 955 0.000141636115803258 7.5279658610926e-06
18027 59 8 0.000142101194322426 4.65078519166978e-07 6.30614941243359e-08 963 371.763748490912 18027 963 0.000142101194322426 7.59102735521694e-06
18110 83 5 0.000142755457323965 6.54263001539985e-07 3.941343382771e-08 968 398.382088652475 18110 968 0.000142755457323965 7.63044078904465e-06
18197 87 1 0.000143441251072568 6.85793748602153e-07 7.88268676554199e-09 969 424.963493511591 18197 969 0.000143441251072568 7.63832347581019e-06
18297 100 2 0.000144229519749122 7.88268676554199e-07 1.5765373531084e-08 971 460.513564673223 18297 971 0.000144229519749122 7.65408884934127e-06
18390 93 0 0.000144962609618317 7.33089869195405e-07 0 971 483.672114935888 18390 971 0.000144962609618317 7.65408884934127e-06
18476 86 1 0.000145640520680154 6.77911061836611e-07 7.88268676554199e-09 972 496.318441350581 18476 972 0.000145640520680154 7.66197153610682e-06
18593 117 0 0.000146562795031722 9.22274351568413e-07 0 972 538.046826930501 18593 972 0.000146562795031722 7.66197153610682e-06
18723 130 2 0.000147587544311243 1.02474927952046e-06 1.5765373531084e-08 974 586.446688949626 18723 974 0.000147587544311243 7.6777369096379e-06
18874 151 1 0.00014877783001284 1.19028570159684e-06 7.88268676554199e-09 975 648.506231834175 18874 975 0.00014877783001284 7.68561959640344e-06
19068 194 1 0.000150307071245355 1.52924123251515e-06 7.88268676554199e-09 976 744.153829495854 19068 976 0.000150307071245355 7.69350228316898e-06
19282 214 1 0.000151993966213181 1.68689496782599e-06 7.88268676554199e-09 977 845.29552028088 19282 977 0.000151993966213181 7.70138496993453e-06
19522 240 0 0.000153885811036911 1.89184482373008e-06 0 977 957.098070473328 19522 977 0.000153885811036911 7.70138496993453e-06
19775 253 0 0.000155880130788593 1.99431975168212e-06 0 977 1064.94465500315 19775 977 0.000155880130788593 7.70138496993453e-06
19981 206 1 0.000157503964262295 1.62383347370165e-06 7.88268676554199e-09 978 1109.43523530077 19981 978 0.000157503964262295 7.70926765670007e-06
20174 193 2 0.000159025322808044 1.5213585457496e-06 1.5765373531084e-08 980 1134.17837781152 20174 980 0.000159025322808044 7.72503303023115e-06
20371 197 1 0.000160578212100856 1.55288929281177e-06 7.88268676554199e-09 981 1159.16897734293 20371 981 0.000160578212100856 7.73291571699669e-06
20719 348 1 0.000163321387095265 2.74317499440861e-06 7.88268676554199e-09 982 1331.36950458338 20719 982 0.000163321387095265 7.74079840376224e-06
21129 410 0 0.000166553288669137 3.23190157387222e-06 0 982 1539.45411387787 21129 982 0.000166553288669137 7.74079840376224e-06
21502 373 0 0.000169493530832684 2.94024216354716e-06 0 982 1678.98062826267 21502 982 0.000169493530832684 7.74079840376224e-06
21868 366 0 0.000172378594188872 2.88506335618837e-06 0 982 1790.34656283188 21868 982 0.000172378594188872 7.74079840376224e-06
22220 352 0 0.000175153299930343 2.77470574147078e-06 0 982 1870.82274882835 22220 982 0.000175153299930343 7.74079840376224e-06
22508 288 2 0.000177423513718819 2.27021378847609e-06 1.5765373531084e-08 984 1875.09392300652 22508 984 0.000177423513718819 7.75656377729332e-06
22890 382 1 0.000180434700063256 3.01118634443704e-06 7.88268676554199e-09 985 1972.71733125646 22890 985 0.000180434700063256 7.76444646405886e-06
23473 583 0 0.000185030306447567 4.59560638431098e-06 0 985 2256.53518135674 23473 985 0.000185030306447567 7.76444646405886e-06
24132 659 0 0.000190224997026059 5.19469057849217e-06 0 985 2573.30923941062 24132 985 0.000190224997026059 7.76444646405886e-06
24642 510 0 0.000194245167276486 4.02017025042642e-06 0 985 2693.04136960217 24642 985 0.000194245167276486 7.76444646405886e-06
25096 454 0 0.000197823907068042 3.57873979155606e-06 0 985 2738.61493467381 25096 985 0.000197823907068042 7.76444646405886e-06
25736 640 3 0.000202868826597989 5.04491952994688e-06 2.3648060296626e-08 988 2963.27681657589 25736 988 0.000202868826597989 7.78809452435549e-06
26303 567 1 0.000207338309994051 4.46948339606231e-06 7.88268676554199e-09 989 3080.86649575385 26303 989 0.000207338309994051 7.79597721112103e-06
27029 726 1 0.000213061140585834 5.72283059178349e-06 7.88268676554199e-09 990 3339.62253375825 27029 990 0.000213061140585834 7.80385989788657e-06
27956 927 2 0.000220368391217492 7.30725063165743e-06 1.5765373531084e-08 992 3760.13565209894 27956 992 0.000220368391217492 7.81962527141766e-06
28786 830 1 0.000226911021232892 6.54263001539985e-06 7.88268676554199e-09 993 4019.87378513748 28786 993 0.000226911021232892 7.8275079581832e-06
29382 596 3 0.000231609102545155 4.69808131226303e-06 2.3648060296626e-08 996 4006.22005405936 29382 996 0.000231609102545155 7.85115601847982e-06
29989 607 0 0.000236393893411839 4.78479086668399e-06 0 996 4005.63704672529 29989 996 0.000236393893411839 7.85115601847982e-06
29989 0 0 0.000236393893411839 0 0 996 3398.14245823604 29989 996 0.000236393893411839 7.85115601847982e-06
