# totalCases dailyCases dailyDeceased totalCasesNormalized dailyCasesNormalized dailyDeceasedNormalized totalDeceased Sick totalCasesAveraged totalDeathsAv
0 0 0 0 0 0 0 0 0 0 0 0
0 0 0 0 0 0 0 0 0 0 0 0
0 0 0 0 0 0 0 0 0 0 0 0
0 0 0 0 0 0 0 0 0 0 0 0
0 0 0 0 0 0 0 0 0 0 0 0
0 0 0 0 0 0 0 0 0 0 0 0
0 0 0 0 0 0 0 0 0 0 0 0
0 0 0 0 0 0 0 0 0 0 0 0
0 0 0 0 0 0 0 0 0 0 0 0
0 0 0 0 0 0 0 0 0 0 0 0
0 0 0 0 0 0 0 0 0 0 0 0
0 0 0 0 0 0 0 0 0 0 0 0
0 0 0 0 0 0 0 0 0 0 0 0
0 0 0 0 0 0 0 0 0 0 0 0
0 0 0 0 0 0 0 0 0 0 0 0
0 0 0 0 0 0 0 0 0 0 0 0
0 0 0 0 0 0 0 0 0 0 0 0
0 0 0 0 0 0 0 0 0 0 0 0
0 0 0 0 0 0 0 0 0 0 0 0
0 0 0 0 0 0 0 0 0 0 0 0
1 1 0 1.95215955796548e-08 1.95215955796548e-08 0 0 1 1 0 1.95215955796548e-08 0
1 0 0 1.95215955796548e-08 0 0 0 0.848340081389579 1 0 1.95215955796548e-08 0
1 0 0 1.95215955796548e-08 0 0 0 0.719680893692078 1 0 1.95215955796548e-08 0
1 0 0 1.95215955796548e-08 0 0 0 0.610534147929263 1 0 1.95215955796548e-08 0
2 1 0 3.90431911593097e-08 1.95215955796548e-08 0 0 1.51794058874543 2 0 3.90431911593097e-08 0
2 0 0 3.90431911593097e-08 0 0 0 1.28772984260084 2 0 3.90431911593097e-08 0
3 1 0 5.85647867389645e-08 1.95215955796548e-08 0 0 2.09243283947979 3 0 5.85647867389645e-08 0
4 1 0 7.80863823186193e-08 1.95215955796548e-08 0 0 2.77509464534651 4 0 7.80863823186193e-08 0
4 0 0 7.80863823186193e-08 0 0 0 2.35422401729705 4 0 7.80863823186193e-08 0
4 0 0 7.80863823186193e-08 0 0 0 1.99718259444308 4 0 7.80863823186193e-08 0
4 0 0 7.80863823186193e-08 0 0 0 1.69429004471969 4 0 7.80863823186193e-08 0
7 3 0 1.36651169057584e-07 5.85647867389645e-08 0 0 4.43733415443506 7 0 1.36651169057584e-07 0
12 5 0 2.34259146955858e-07 9.76079778982742e-08 0 0 8.7643684177262 12 0 2.34259146955858e-07 0
15 3 0 2.92823933694823e-07 5.85647867389645e-08 0 0 10.4351650168221 15 0 2.92823933694823e-07 0
15 0 0 2.92823933694823e-07 0 0 0 8.85256873968455 15 0 2.92823933694823e-07 0
16 1 0 3.12345529274477e-07 1.95215955796548e-08 0 0 8.50998888513084 16 0 3.12345529274477e-07 0
18 2 0 3.51388720433787e-07 3.90431911593097e-08 0 0 9.21936466343631 18 0 3.51388720433787e-07 0
23 5 0 4.48996698332061e-07 9.76079778982742e-08 0 0 12.8211565689398 23 0 4.48996698332061e-07 0
24 1 0 4.68518293911716e-07 1.95215955796548e-08 0 0 11.8767010072029 24 0 4.68518293911716e-07 0
24 0 0 4.68518293911716e-07 0 0 0 10.0754814990902 24 0 4.68518293911716e-07 0
25 1 0 4.88039889491371e-07 1.95215955796548e-08 0 0 9.54743479497739 25 0 4.88039889491371e-07 0
27 2 0 5.27083080650681e-07 3.90431911593097e-08 0 0 10.0994716110328 27 0 5.27083080650681e-07 0
28 1 0 5.46604676230335e-07 1.95215955796548e-08 0 0 9.56778656849533 28 0 5.46604676230335e-07 0
28 0 0 5.46604676230335e-07 0 0 0 8.11673683623546 28 0 5.46604676230335e-07 0
28 0 0 5.46604676230335e-07 0 0 0 6.88575318826978 28 0 5.46604676230335e-07 0
28 0 0 5.46604676230335e-07 0 0 0 5.84146042016534 28 0 5.46604676230335e-07 0
28 0 0 5.46604676230335e-07 0 0 0 4.95554500827707 28 0 5.46604676230335e-07 0
29 1 0 5.6612627180999e-07 1.95215955796548e-08 0 0 5.2039874556515 29 0 5.6612627180999e-07 0
30 1 0 5.85647867389645e-07 1.95215955796548e-08 0 0 5.41475114167774 30 0 5.85647867389645e-07 0
31 1 0 6.051694629693e-07 1.95215955796548e-08 0 0 5.59355042423521 31 0 6.051694629693e-07 0
46 15 0 8.97993396664122e-07 2.92823933694823e-07 0 0 19.7452330221524 46 0 8.97993396664122e-07 0
80 34 0 1.56172764637239e-06 6.63734249708264e-07 0 0 50.750672589069 80 0 1.56172764637239e-06 0
155 75 1 3.0258473148465e-06 1.46411966847411e-06 1.95215955796548e-08 1 118.053829714787 155 1 3.0258473148465e-06 1.95215955796548e-08
345 190 1 6.73495047498092e-06 3.70910316013442e-06 1.95215955796548e-08 2 290.149795508594 345 2 6.73495047498092e-06 3.90431911593097e-08
601 256 3 1.17324789433726e-05 4.99752846839164e-06 5.85647867389645e-08 5 502.14570113693 601 5 1.17324789433726e-05 9.76079778982742e-08
762 161 2 1.4875455831697e-05 3.14297688832443e-06 3.90431911593097e-08 7 586.990324971931 762 7 1.4875455831697e-05 1.36651169057584e-07
892 130 1 1.74132632570521e-05 2.53780742535513e-06 1.95215955796548e-08 8 627.967420061583 892 8 1.74132632570521e-05 1.56172764637239e-07
1146 254 3 2.23717485342844e-05 4.95848527723233e-06 5.85647867389645e-08 11 786.729932245048 1146 11 2.23717485342844e-05 2.14737551376203e-07
1595 449 1 3.11369449495495e-05 8.76519641526502e-06 1.95215955796548e-08 12 1116.41453475238 1595 12 3.11369449495495e-05 2.34259146955858e-07
2022 427 1 3.94726662620621e-05 8.33572131251261e-06 1.95215955796548e-08 13 1374.09919727635 2022 13 3.94726662620621e-05 2.53780742535513e-07
2931 909 3 5.72177966439683e-05 1.77451303819062e-05 5.85647867389645e-08 16 2074.70342485477 2931 16 5.72177966439683e-05 3.12345529274477e-07
3526 595 1 6.88331460138629e-05 1.16153493698946e-05 1.95215955796548e-08 17 2355.05407230054 3526 17 6.88331460138629e-05 3.31867124854132e-07
4212 686 5 8.22249605815062e-05 1.33918145676432e-05 9.76079778982742e-08 22 2683.8867633723 4212 22 8.22249605815062e-05 4.29475102752406e-07
4812 600 6 9.39379179292991e-05 1.17129573477929e-05 1.17129573477929e-07 28 2876.84871527967 4812 28 9.39379179292991e-05 5.46604676230335e-07
5328 516 4 0.000104011061248401 1.00731433191019e-05 7.80863823186193e-08 32 2956.54607326586 5328 32 0.000104011061248401 6.24691058548955e-07
5766 438 3 0.00011256152011229 8.55045886388882e-06 5.85647867389645e-08 35 2946.1565364264 5766 35 0.00011256152011229 6.83255845287919e-07
6284 518 7 0.000122673706622551 1.01121865102612e-05 1.36651169057584e-07 42 3017.34267589842 6284 42 0.000122673706622551 8.19907014345503e-07
6767 483 2 0.000132102637287524 9.42893066497329e-06 3.90431911593097e-08 44 3042.73273125191 6767 44 0.000132102637287524 8.58950205504813e-07
7134 367 6 0.000139267062865258 7.16442557773332e-06 1.17129573477929e-07 50 2948.27213287698 7134 50 0.000139267062865258 9.76079778982742e-07
7382 248 1 0.000144108418569012 4.8413557037544e-06 1.95215955796548e-08 51 2749.13742116349 7382 51 0.000144108418569012 9.95601374562397e-07
7513 131 3 0.000146665747589947 2.55732902093478e-06 5.85647867389645e-08 54 2463.20346362097 7513 54 0.000146665747589947 1.05416616130136e-06
7755 242 6 0.000151389973720223 4.72422613027647e-06 1.17129573477929e-07 60 2331.63422680731 7755 60 0.000151389973720223 1.17129573477929e-06
7869 114 6 0.000153615435616304 2.22546189608065e-06 1.17129573477929e-07 66 2092.01876974044 7869 66 0.000153615435616304 1.28842530825722e-06
7979 110 1 0.000155762811130066 2.14737551376203e-06 1.95215955796548e-08 67 1884.74337339014 7979 67 0.000155762811130066 1.30794690383687e-06
8086 107 5 0.000157851621857089 2.08881072702307e-06 9.76079778982742e-08 72 1705.90334678026 8086 72 0.000157851621857089 1.40555488173515e-06
8162 76 3 0.000159335263121143 1.48364126405377e-06 5.85647867389645e-08 75 1523.18618405032 8162 75 0.000159335263121143 1.46411966847411e-06
8236 74 0 0.000160779861194037 1.44459807289446e-06 0 75 1366.17989134873 8236 75 0.000160779861194037 1.46411966847411e-06
8320 84 6 0.000162419675222728 1.63981402869101e-06 1.17129573477929e-07 81 1242.98516021959 8320 81 0.000162419675222728 1.58124924195204e-06
8413 93 5 0.000164235183611636 1.8155083889079e-06 9.76079778982742e-08 86 1147.47413198673 8413 86 0.000164235183611636 1.67885721985032e-06
8565 152 5 0.000167202466139744 2.96728252810753e-06 9.76079778982742e-08 91 1125.44829852206 8565 91 0.000167202466139744 1.77646519774859e-06
8652 87 9 0.000168900844955174 1.69837881542997e-06 1.75694360216894e-07 100 1041.76290116796 8652 100 0.000168900844955174 1.95215955796548e-06
8799 147 3 0.000171770519505383 2.86967455020926e-06 5.85647867389645e-08 103 1030.76922436548 8799 103 0.000171770519505383 2.01072434470445e-06
8897 98 1 0.000173683635872189 1.91311636680617e-06 1.95215955796548e-08 104 972.442847692081 8897 104 0.000173683635872189 2.0302459402841e-06
8961 64 9 0.000174933017989287 1.24938211709791e-06 1.75694360216894e-07 113 888.962244557815 8961 113 0.000174933017989287 2.205940300501e-06
9037 76 7 0.000176416659253341 1.48364126405377e-06 1.36651169057584e-07 120 830.14230290044 9037 120 0.000176416659253341 2.34259146955858e-06
9137 100 6 0.000178368818811306 1.95215955796548e-06 1.17129573477929e-07 126 804.242988807492 9137 126 0.000178368818811306 2.45972104303651e-06
9241 104 5 0.00018039906475159 2.0302459402841e-06 9.76079778982742e-08 131 786.271562581946 9241 131 0.00018039906475159 2.55732902093478e-06
9332 91 8 0.000182175529949339 1.77646519774859e-06 1.56172764637239e-07 139 758.02568139508 9332 139 0.000182175529949339 2.71350178557202e-06
9478 146 5 0.000185025682903969 2.85015295462961e-06 9.76079778982742e-08 144 789.063568250093 9478 144 0.000185025682903969 2.8111097634703e-06
9583 105 8 0.000187075450439832 2.04976753586376e-06 1.56172764637239e-07 152 774.394251710836 9583 152 0.000187075450439832 2.96728252810753e-06
9661 78 6 0.000188598134895045 1.52268445521308e-06 1.17129573477929e-07 158 734.949682523993 9661 158 0.000188598134895045 3.08441210158546e-06
9786 125 5 0.000191038334342502 2.44019944745685e-06 9.76079778982742e-08 163 748.48727348965 9786 163 0.000191038334342502 3.18202007948374e-06
9786 0 0 0.000191038334342502 0 0 163 634.971754511274 9786 163 0.000191038334342502 3.18202007948374e-06
9976 190 6 0.000194747437502637 3.70910316013442e-06 1.17129573477929e-07 169 728.671989902178 9976 169 0.000194747437502637 3.29914965296167e-06
10062 86 5 0.000196426294722487 1.67885721985032e-06 9.76079778982742e-08 174 704.161655219921 10062 174 0.000196426294722487 3.39675763085994e-06
10156 94 3 0.000198261324706975 1.83502998448755e-06 5.85647867389645e-08 177 691.368555900688 10156 177 0.000198261324706975 3.45532241759891e-06
10237 81 6 0.000199842573948927 1.58124924195204e-06 1.17129573477929e-07 183 667.515656982986 10237 183 0.000199842573948927 3.57245199107683e-06
10284 47 3 0.00020076008894117 9.17514992243777e-07 5.85647867389645e-08 186 613.280286773765 10284 186 0.00020076008894117 3.6310167778158e-06
10331 47 6 0.000201677603933414 9.17514992243777e-07 1.17129573477929e-07 192 567.27024839628 10331 192 0.000201677603933414 3.74814635129373e-06
10384 53 8 0.000202712248499136 1.03464456572171e-06 1.56172764637239e-07 200 534.238088694387 10384 200 0.000202712248499136 3.90431911593097e-06
10423 39 4 0.000203473590726742 7.61342227606539e-07 7.80863823186193e-08 204 492.21558364441 10423 204 0.000203473590726742 3.98240549824959e-06
10450 27 4 0.000204000673807393 5.27083080650681e-07 7.80863823186193e-08 208 444.566208290118 10450 208 0.000204000673807393 4.06049188056821e-06
10450 0 0 0.000204000673807393 0 0 208 377.143333323895 10450 208 0.000204000673807393 4.06049188056821e-06
10512 62 6 0.000205211012733332 1.2103389259386e-06 1.17129573477929e-07 214 381.945806087531 10512 214 0.000205211012733332 4.17762145404614e-06
10537 25 3 0.000205699052622823 4.88039889491371e-07 5.85647867389645e-08 217 349.019936222704 10537 217 0.000205699052622823 4.2361862407851e-06
10564 27 5 0.000206226135703474 5.27083080650681e-07 9.76079778982742e-08 222 323.087601101755 10564 222 0.000206226135703474 4.33379421868337e-06
10591 27 3 0.000206753218784124 5.27083080650681e-07 5.85647867389645e-08 225 301.088161814627 10591 225 0.000206753218784124 4.39235900542234e-06
10613 22 4 0.000207182693886877 4.29475102752406e-07 7.80863823186193e-08 229 277.425155699259 10613 229 0.000207182693886877 4.47044538774096e-06
10635 22 1 0.000207612168989629 4.29475102752406e-07 1.95215955796548e-08 230 257.350879165426 10635 230 0.000207612168989629 4.48996698332061e-06
10653 18 2 0.000207963557710063 3.51388720433787e-07 3.90431911593097e-08 232 236.321065776878 10653 232 0.000207963557710063 4.52901017447992e-06
10661 8 2 0.0002081197304747 1.56172764637239e-07 3.90431911593097e-08 234 208.480632175228 10661 234 0.0002081197304747 4.56805336563923e-06
10674 13 2 0.000208373511217236 2.53780742535513e-07 3.90431911593097e-08 236 189.862476467684 10674 236 0.000208373511217236 4.60709655679854e-06
10683 9 1 0.000208549205577453 1.75694360216894e-07 1.95215955796548e-08 237 170.067948739422 10683 237 0.000208549205577453 4.6266181523782e-06
10694 11 1 0.000208763943128829 2.14737551376203e-07 1.95215955796548e-08 238 155.27545747536 10694 238 0.000208763943128829 4.64613974795785e-06
10702 8 2 0.000208920115893466 1.56172764637239e-07 3.90431911593097e-08 240 139.726394232451 10702 240 0.000208920115893466 4.68518293911716e-06
10708 6 0 0.000209037245466944 1.17129573477929e-07 0 240 124.53550065543 10708 240 0.000209037245466944 4.68518293911716e-06
10718 10 0 0.000209232461422741 1.95215955796548e-07 0 240 115.64845676192 10718 240 0.000209232461422741 4.68518293911716e-06
10728 10 2 0.000209427677378537 1.95215955796548e-07 3.90431911593097e-08 242 108.109221221986 10728 242 0.000209427677378537 4.72422613027647e-06
10738 10 1 0.000209622893334334 1.95215955796548e-07 1.95215955796548e-08 243 101.713385530424 10738 243 0.000209622893334334 4.74374772585613e-06
10752 14 1 0.000209896195672449 2.73302338115168e-07 1.95215955796548e-08 244 100.287541759289 10752 244 0.000209896195672449 4.76326932143578e-06
10761 9 2 0.000210071890032666 1.75694360216894e-07 3.90431911593097e-08 246 94.0779413384364 10761 246 0.000210071890032666 4.80231251259509e-06
10765 4 1 0.000210149976414984 7.80863823186193e-08 1.95215955796548e-08 247 83.8100884120132 10765 247 0.000210149976414984 4.82183410817474e-06
10774 9 1 0.000210325670775201 1.75694360216894e-07 1.95215955796548e-08 248 80.0994572247152 10774 248 0.000210325670775201 4.8413557037544e-06
10780 6 2 0.000210442800348679 1.17129573477929e-07 3.90431911593097e-08 250 73.951580061276 10780 250 0.000210442800348679 4.88039889491371e-06
10793 13 0 0.000210696581091215 2.53780742535513e-07 0 250 75.7360894480709 10793 250 0.000210696581091215 4.88039889491371e-06
10801 8 2 0.000210852753855852 1.56172764637239e-07 3.90431911593097e-08 252 72.2499602865049 10801 252 0.000210852753855852 4.91944208607302e-06
10804 3 2 0.000210911318642591 5.85647867389645e-08 3.90431911593097e-08 254 64.2925371898475 10804 254 0.000210911318642591 4.95848527723233e-06
10806 2 1 0.00021095036183375 3.90431911593097e-08 1.95215955796548e-08 255 56.5419362323777 10806 255 0.00021095036183375 4.97800687281198e-06
10810 4 1 0.000211028448216069 7.80863823186193e-08 1.95215955796548e-08 256 51.9667907852997 10810 256 0.000211028448216069 4.99752846839164e-06
10822 12 0 0.000211262707363025 2.34259146955858e-07 0 256 56.0855115243564 10822 256 0.000211262707363025 4.99752846839164e-06
10840 18 0 0.000211614096083458 3.51388720433787e-07 0 256 65.5795874113487 10840 256 0.000211614096083458 4.99752846839164e-06
10874 34 0 0.000212277830333167 6.63734249708264e-07 0 256 89.6337925220386 10874 256 0.000212277830333167 4.99752846839164e-06
10909 35 0 0.000212961086178455 6.83255845287919e-07 0 256 111.039938843403 10909 256 0.000212961086178455 4.99752846839164e-06
10936 27 2 0.000213488169259105 5.27083080650681e-07 3.90431911593097e-08 258 121.199630755906 10936 258 0.000213488169259105 5.03657165955095e-06
10962 26 1 0.000213995730744176 5.07561485071026e-07 1.95215955796548e-08 259 128.818504619853 10962 259 0.000213995730744176 5.0560932551306e-06
10991 29 1 0.000214561857015986 5.6612627180999e-07 1.95215955796548e-08 260 138.28190069369 10991 260 0.000214561857015986 5.07561485071026e-06
11018 27 0 0.000215088940096637 5.27083080650681e-07 0 260 144.31007888919 11018 260 0.000215088940096637 5.07561485071026e-06
11037 19 2 0.00021545985041265 3.70910316013442e-07 3.90431911593097e-08 262 141.424024070192 11037 262 0.00021545985041265 5.11465804186957e-06
11050 13 0 0.000215713631155186 2.53780742535513e-07 0 262 132.975668090149 11050 262 0.000215713631155186 5.11465804186957e-06
11065 15 1 0.000216006455088881 2.92823933694823e-07 1.95215955796548e-08 263 127.808589090431 11065 263 0.000216006455088881 5.13417963744922e-06
11078 13 0 0.000216260235831416 2.53780742535513e-07 0 263 121.425148871263 11078 263 0.000216260235831416 5.13417963744922e-06
11110 32 0 0.000216884926889965 6.24691058548955e-07 0 263 135.009820676189 11110 263 0.000216884926889965 5.13417963744922e-06
11122 12 1 0.000217119186036921 2.34259146955858e-07 1.95215955796548e-08 264 126.534242260831 11122 264 0.000217119186036921 5.15370123302888e-06
11142 20 0 0.000217509617948514 3.90431911593097e-07 0 264 127.344069378122 11142 264 0.000217509617948514 5.15370123302888e-06
11165 23 2 0.000217958614646846 4.48996698332061e-07 3.90431911593097e-08 266 131.031078180716 11165 266 0.000217958614646846 5.19274442418819e-06
11190 25 0 0.000218446654536338 4.88039889491371e-07 0 266 136.158915528393 11190 266 0.000218446654536338 5.19274442418819e-06
11206 16 1 0.000218759000065612 3.12345529274477e-07 1.95215955796548e-08 267 131.509065481274 11206 267 0.000218759000065612 5.21226601976784e-06
11225 19 2 0.000219129910381626 3.70910316013442e-07 3.90431911593097e-08 269 130.564411313852 11225 269 0.000219129910381626 5.25130921092715e-06
11265 40 0 0.000219910774204812 7.80863823186193e-07 0 269 150.763023320575 11265 269 0.000219910774204812 5.25130921092715e-06
11344 79 0 0.000221452980255604 1.54220605079273e-06 0 269 206.898315474316 11344 269 0.000221452980255604 5.25130921092715e-06
11402 58 0 0.000222585232799224 1.13225254361998e-06 0 269 233.520133788848 11402 269 0.000222585232799224 5.25130921092715e-06
11441 39 0 0.000223346575026831 7.61342227606539e-07 0 269 237.104489304537 11441 269 0.000223346575026831 5.25130921092715e-06
11468 27 1 0.000223873658107482 5.27083080650681e-07 1.95215955796548e-08 270 228.145241754445 11468 270 0.000223873658107482 5.27083080650681e-06
11503 35 1 0.00022455691395277 6.83255845287919e-07 1.95215955796548e-08 271 228.544752958611 11503 271 0.00022455691395277 5.29035240208646e-06
11541 38 1 0.000225298734584796 7.41820632026884e-07 1.95215955796548e-08 272 231.88367432607 11541 272 0.000225298734584796 5.30987399766612e-06
11590 49 1 0.0002262552927682 9.56558183403087e-07 1.95215955796548e-08 273 245.716215150693 11590 273 0.0002262552927682 5.32939559324577e-06
11629 39 0 0.000227016634995806 7.61342227606539e-07 0 273 247.450913959678 11629 273 0.000227016634995806 5.32939559324577e-06
11668 39 0 0.000227777977223413 7.61342227606539e-07 0 273 248.922528488479 11668 273 0.000227777977223413 5.32939559324577e-06
11719 51 0 0.000228773578597975 9.95601374562397e-07 0 273 262.170958077616 11719 273 0.000228773578597975 5.32939559324577e-06
11776 57 0 0.000229886309546015 1.11273094804033e-06 0 273 279.410131913549 11776 273 0.000229886309546015 5.32939559324577e-06
11814 38 0 0.000230628130178042 7.41820632026884e-07 0 273 275.034814048613 11814 273 0.000230628130178042 5.32939559324577e-06
11852 38 1 0.000231369950810069 7.41820632026884e-07 1.95215955796548e-08 274 271.323056534968 11852 274 0.000231369950810069 5.34891718882542e-06
11902 50 2 0.000232346030589052 9.76079778982742e-07 3.90431911593097e-08 276 280.174223863745 11902 276 0.000232346030589052 5.38796037998473e-06
11947 45 0 0.000233224502390136 8.78471801084468e-07 0 276 282.683023875831 11947 276 0.000233224502390136 5.38796037998473e-06
12003 56 1 0.000234317711742597 1.09320935246067e-06 1.95215955796548e-08 277 295.811339482275 12003 277 0.000234317711742597 5.40748197556439e-06
12051 48 0 0.00023525474833042 9.37036587823432e-07 0 277 298.948615812354 12051 277 0.00023525474833042 5.40748197556439e-06
12084 33 0 0.000235898960984549 6.4421265412861e-07 0 277 286.610093069554 12084 277 0.000235898960984549 5.40748197556439e-06
12121 37 0 0.000236621260020996 7.22299036447229e-07 0 277 280.142829681701 12121 277 0.000236621260020996 5.40748197556439e-06
12155 34 1 0.000237284994270705 6.63734249708264e-07 1.95215955796548e-08 278 271.656390932881 12155 278 0.000237284994270705 5.42700357114404e-06
12198 43 1 0.00023812442288063 8.39428609925158e-07 1.95215955796548e-08 279 273.457004794 12198 279 0.00023812442288063 5.4465251667237e-06
12257 59 1 0.000239276197019829 1.15177413919964e-06 1.95215955796548e-08 280 290.984537703492 12257 280 0.000239276197019829 5.46604676230335e-06
12306 49 0 0.000240232755203232 9.56558183403087e-07 0 280 295.85384639849 12306 280 0.000240232755203232 5.46604676230335e-06
12373 67 0 0.000241540702107069 1.30794690383687e-06 0 280 317.984676133115 12373 280 0.000241540702107069 5.46604676230335e-06
12421 48 0 0.000242477738694893 9.37036587823432e-07 0 280 317.759146031406 12421 280 0.000242477738694893 5.46604676230335e-06
12438 17 0 0.000242809605819747 3.31867124854132e-07 0 280 286.567819806566 12438 280 0.000242809605819747 5.46604676230335e-06
12484 46 1 0.000243707599216411 8.97993396664122e-07 1.95215955796548e-08 281 289.106967578336 12484 281 0.000243707599216411 5.48556835788301e-06
12535 51 0 0.000244703200590973 9.95601374562397e-07 0 281 296.2610284057 12535 281 0.000244703200590973 5.48556835788301e-06
12563 28 1 0.000245249805267204 5.46604676230335e-07 1.95215955796548e-08 282 279.330104950252 12563 282 0.000245249805267204 5.50508995346266e-06
12602 39 0 0.00024601114749481 7.61342227606539e-07 0 282 275.966923968057 12602 282 0.00024601114749481 5.50508995346266e-06
12653 51 0 0.000247006748869373 9.95601374562397e-07 0 282 285.113802739893 12653 282 0.000247006748869373 5.50508995346266e-06
12715 62 0 0.000248217087795311 1.2103389259386e-06 0 282 303.873466621654 12715 282 0.000248217087795311 5.50508995346266e-06
12757 42 0 0.000249036994809657 8.19907014345503e-07 0 282 299.788041405947 12757 282 0.000249036994809657 5.50508995346266e-06
12800 43 0 0.000249876423419582 8.39428609925158e-07 0 282 297.322211445944 12800 282 0.000249876423419582 5.50508995346266e-06
12850 50 0 0.000250852503198565 9.76079778982742e-07 0 282 302.230349056982 12850 282 0.000250852503198565 5.50508995346266e-06
12904 54 0 0.000251906669359866 1.05416616130136e-06 0 282 310.394118917401 12904 282 0.000251906669359866 5.50508995346266e-06
12967 63 0 0.000253136529881384 1.22986052151825e-06 0 282 326.319772105235 12967 282 0.000253136529881384 5.50508995346266e-06
13030 63 1 0.000254366390402903 1.22986052151825e-06 1.95215955796548e-08 283 339.830142026784 13030 283 0.000254366390402903 5.52461154904232e-06
13091 61 0 0.000255557207733261 1.19081733035894e-06 0 283 349.291530345634 13091 283 0.000255557207733261 5.52461154904232e-06
13091 0 0 0.000255557207733261 0 0 283 296.318005282106 13091 283 0.000255557207733261 5.52461154904232e-06
13181 90 2 0.00025731415133543 1.75694360216894e-06 3.90431911593097e-08 285 341.37844071822 13181 285 0.00025731415133543 5.56365474020163e-06
13244 63 0 0.000258544011856949 1.22986052151825e-06 0 285 352.605014183542 13244 285 0.000258544011856949 5.56365474020163e-06
13293 49 2 0.000259500570040352 9.56558183403087e-07 3.90431911593097e-08 287 348.12896643084 13293 287 0.000259500570040352 5.60269793136094e-06
13338 45 1 0.000260379041841436 8.78471801084468e-07 1.95215955796548e-08 288 340.331755716009 13338 288 0.000260379041841436 5.62221952694059e-06
13373 35 0 0.000261062297686724 6.83255845287919e-07 0 288 323.717069343577 13373 288 0.000261062297686724 5.62221952694059e-06
13417 44 1 0.000261921247892229 8.58950205504813e-07 1.95215955796548e-08 289 318.622164954127 13417 289 0.000261921247892229 5.64174112252025e-06
13479 62 0 0.000263131586818168 1.2103389259386e-06 0 289 332.299953349708 13479 289 0.000263131586818168 5.64174112252025e-06
13512 33 0 0.000263775799472296 6.4421265412861e-07 0 289 314.903369470444 13512 289 0.000263775799472296 5.64174112252025e-06
13551 39 0 0.000264537141699903 7.61342227606539e-07 0 289 306.14515008641 13551 289 0.000264537141699903 5.64174112252025e-06
13612 61 2 0.000265727959030262 1.19081733035894e-06 3.90431911593097e-08 291 320.71520154133 13612 291 0.000265727959030262 5.68078431367956e-06
13672 60 2 0.000266899254765041 1.17129573477929e-06 3.90431911593097e-08 293 332.075560178447 13672 293 0.000266899254765041 5.71982750483887e-06
13711 39 1 0.000267660596992647 7.61342227606539e-07 1.95215955796548e-08 294 320.713007749274 13711 294 0.000267660596992647 5.73934910041852e-06
13745 34 1 0.000268324331242356 6.63734249708264e-07 1.95215955796548e-08 295 306.073699096716 13745 295 0.000268324331242356 5.75887069599818e-06
13771 26 1 0.000268831892727427 5.07561485071026e-07 1.95215955796548e-08 296 285.654586802918 13771 296 0.000268831892727427 5.77839229157783e-06
13816 45 0 0.000269710364528511 8.78471801084468e-07 0 296 287.332235417694 13816 296 0.000269710364528511 5.77839229157783e-06
13879 63 1 0.000270940225050029 1.22986052151825e-06 1.95215955796548e-08 297 306.755451980096 13879 297 0.000270940225050029 5.79791388715749e-06
13938 59 0 0.000272091999189229 1.15177413919964e-06 0 297 319.232945099492 13938 297 0.000272091999189229 5.79791388715749e-06
13979 41 1 0.000272892384607995 8.00385418765848e-07 1.95215955796548e-08 298 311.818102627938 13979 298 0.000272892384607995 5.81743548273714e-06
14092 113 0 0.000275098324908496 2.205940300501e-06 0 298 377.527794562129 14092 298 0.000275098324908496 5.81743548273714e-06
14150 58 0 0.000276230577452116 1.13225254361998e-06 0 298 378.271959965665 14150 298 0.000276230577452116 5.81743548273714e-06
14175 25 1 0.000276718617341607 4.88039889491371e-07 1.95215955796548e-08 299 345.903265304668 14175 299 0.000276718617341607 5.8369570783168e-06
14203 28 1 0.000277265222017838 5.46604676230335e-07 1.95215955796548e-08 300 321.443604241483 14203 300 0.000277265222017838 5.85647867389645e-06
