# totalCases dailyCases dailyDeceased totalCasesNormalized dailyCasesNormalized dailyDeceasedNormalized totalDeceased Sick totalCasesAveraged totalDeathsAv
0 0 0 0 0 0 0 0 0 0 0 0
0 0 0 0 0 0 0 0 0 0 0 0
0 0 0 0 0 0 0 0 0 0 0 0
0 0 0 0 0 0 0 0 0 0 0 0
0 0 0 0 0 0 0 0 0 0 0 0
0 0 0 0 0 0 0 0 0 0 0 0
0 0 0 0 0 0 0 0 0 0 0 0
0 0 0 0 0 0 0 0 0 0 0 0
0 0 0 0 0 0 0 0 0 0 0 0
0 0 0 0 0 0 0 0 0 0 0 0
0 0 0 0 0 0 0 0 0 0 0 0
0 0 0 0 0 0 0 0 0 0 0 0
0 0 0 0 0 0 0 0 0 0 0 0
0 0 0 0 0 0 0 0 0 0 0 0
0 0 0 0 0 0 0 0 0 0 0 0
0 0 0 0 0 0 0 0 0 0 0 0
0 0 0 0 0 0 0 0 0 0 0 0
0 0 0 0 0 0 0 0 0 0 0 0
0 0 0 0 0 0 0 0 0 0 0 0
0 0 0 0 0 0 0 0 0 0 0 0
0 0 0 0 0 0 0 0 0 0 0 0
0 0 0 0 0 0 0 0 0 0 0 0
0 0 0 0 0 0 0 0 0 0 0 0
0 0 0 0 0 0 0 0 0 0 0 0
0 0 0 0 0 0 0 0 0 0 0 0
0 0 0 0 0 0 0 0 0 0 0 0
0 0 0 0 0 0 0 0 0 0 0 0
0 0 0 0 0 0 0 0 0 0 0 0
0 0 0 0 0 0 0 0 0 0 0 0
0 0 0 0 0 0 0 0 0 0 0 0
0 0 0 0 0 0 0 0 0 0 0 0
0 0 0 0 0 0 0 0 0 0 0 0
0 0 0 0 0 0 0 0 0 0 0 0
0 0 0 0 0 0 0 0 0 0 0 0
0 0 0 0 0 0 0 0 0 0 0 0
0 0 0 0 0 0 0 0 0 0 0 0
0 0 0 0 0 0 0 0 0 0 0 0
0 0 0 0 0 0 0 0 0 0 0 0
0 0 0 0 0 0 0 0 0 0 0 0
0 0 0 0 0 0 0 0 0 0 0 0
0 0 0 0 0 0 0 0 0 0 0 0
0 0 0 0 0 0 0 0 0 0 0 0
0 0 0 0 0 0 0 0 0 0 0 0
0 0 0 0 0 0 0 0 0 0 0 0
0 0 0 0 0 0 0 0 0 0 0 0
0 0 0 0 0 0 0 0 0 0 0 0
0 0 0 0 0 0 0 0 0 0 0 0
0 0 0 0 0 0 0 0 0 0 0 0
0 0 0 0 0 0 0 0 0 0 0 0
0 0 0 0 0 0 0 0 0 0 0 0
0 0 0 0 0 0 0 0 0 0 0 0
0 0 0 0 0 0 0 0 0 0 0 0
0 0 0 0 0 0 0 0 0 0 0 0
0 0 0 0 0 0 0 0 0 0 0 0
0 0 0 0 0 0 0 0 0 0 0 0
0 0 0 0 0 0 0 0 0 0 0 0
0 0 0 0 0 0 0 0 0 0 0 0
0 0 0 0 0 0 0 0 0 0 0 0
0 0 0 0 0 0 0 0 0 0 0 0
0 0 0 0 0 0 0 0 0 0 0 0
2 0.285714285714286 0 1.58490174417486e-08 2.26414534882123e-09 0 0 2 0.285714285714286 0 2.26414534882123e-09 0
4 0.571428571428571 0 3.16980348834972e-08 4.52829069764246e-09 0 0 3.69668016277916 0.857142857142857 0 6.79243604646369e-09 0
5 0.714285714285714 0 3.96225436043715e-08 5.66036337205307e-09 0 0 4.13604195016332 1.57142857142857 0 1.24527994185168e-08 0
7 1 0 5.54715610461201e-08 7.9245087208743e-09 0 0 5.50877016463226 2.57142857142857 0 2.03773081393911e-08 0
11 1.57142857142857 0 8.71695959296173e-08 1.24527994185168e-08 0 0 8.67331052982062 4.14285714285714 0 3.28301075579078e-08 0
16 2.28571428571429 0 1.26792139533989e-07 1.81131627905698e-08 0 0 12.3579169607851 6.42857142857143 0 5.09432703484776e-08 0
26 3.71428571428571 0 2.06037226742732e-07 2.9433889534676e-08 0 0 20.4837162803181 10.1428571428571 0 8.03771598831536e-08 0
41 5.57142857142857 0 3.24904857555846e-07 4.4150834302014e-08 0 0 32.3771575364061 15.7142857142857 0 1.24527994185168e-07 0
53 7 0 4.19998962206338e-07 5.54715610461201e-08 0 0 39.466840459598 22.7142857142857 0 1.79999555231288e-07 0
82 11 0 6.49809715111693e-07 8.71695959296173e-08 0 0 62.4813026476849 33.7142857142857 0 2.67169151160905e-07 0
93 12.2857142857143 0 7.3697931104131e-07 9.73582499993128e-08 0 0 64.005393373464 46 0 3.64527401160218e-07 0
118 15.2857142857143 0 9.35092029063167e-07 1.21131776161936e-07 0 0 79.2983406238165 61.2857142857143 0 4.85659177322154e-07 0
164 21.1428571428571 0 1.29961943022339e-06 1.67546755812771e-07 0 0 113.271960738867 82.4285714285714 0 6.53205933134924e-07 0
203 25.2857142857143 0.285714285714286 1.60867527033748e-06 2.00376863370679e-07 2.26414534882123e-09 2 135.093144392368 107.714285714286 0.285714285714286 8.53582796505603e-07 2.26414534882123e-09
251 30 0.285714285714286 1.98905168893945e-06 2.37735261626229e-07 2.26414534882123e-09 2 162.604929108995 137.714285714286 0.571428571428571 1.09131805813183e-06 4.52829069764246e-09
316 37.5714285714286 0.285714285714286 2.50414475579628e-06 2.97735113369992e-07 2.26414534882123e-09 2 202.944278794672 175.285714285714 0.857142857142857 1.38905317150182e-06 6.79243604646369e-09
367 40.7142857142857 0.571428571428571 2.90829470056087e-06 3.22640712207025e-07 4.52829069764246e-09 4 223.165765990222 216 1.42857142857143 1.71169388370885e-06 1.13207267441061e-08
405 44.5714285714286 0.714285714285714 3.20942603195409e-06 3.53206674416112e-07 5.66036337205307e-09 5 227.320464083512 260.571428571429 2.14285714285714 2.06490055812496e-06 1.69810901161592e-08
475 51 0.714285714285714 3.76414164241529e-06 4.04149944764589e-07 5.66036337205307e-09 5 262.845061002124 311.571428571429 2.85714285714286 2.46905050288955e-06 2.26414534882123e-08
585 60.1428571428571 1.14285714285714 4.63583760171147e-06 4.76602595926869e-07 9.05658139528491e-09 8 332.982000443391 371.714285714286 4 2.94565309881642e-06 3.16980348834972e-08
717 73.4285714285714 1.42857142857143 5.68187275286687e-06 5.81885354647056e-07 1.13207267441061e-08 12 414.481977357411 445.142857142857 5.42857142857143 3.52753845346347e-06 4.30187616276033e-08
848 85.2857142857143 2 6.71998339530141e-06 6.75847386623137e-07 1.58490174417486e-08 16 482.6216744059 530.428571428571 7.42857142857143 4.20338584008661e-06 5.88677790693519e-08
993 96.7142857142857 2.57142857142857 7.86903715982818e-06 7.66413200575986e-07 2.03773081393911e-08 20 554.427310545876 627.142857142857 10 4.9697990406626e-06 7.9245087208743e-08
1094 103.857142857143 3.42857142857143 8.66941254063648e-06 8.23016834296517e-07 2.71697441858547e-08 28 571.342909753094 731 13.4285714285714 5.79281587495911e-06 1.06414831394598e-07
1215 115.714285714286 3.42857142857143 9.62827809586227e-06 9.16978866272598e-07 2.71697441858547e-08 29 605.693090561299 846.714285714286 16.8571428571429 6.70979474123171e-06 1.33584575580452e-07
1378 129 4.57142857142857 1.09199730173648e-05 1.02226162499278e-06 3.62263255811397e-08 37 676.833725743878 975.714285714286 21.4285714285714 7.7320563662245e-06 1.69810901161592e-07
1510 132.142857142857 6 1.19660081685202e-05 1.04716722382982e-06 4.75470523252458e-08 50 706.185177984774 1107.85714285714 27.4285714285714 8.77922359005432e-06 2.17357953486838e-07
1688 138.714285714286 6.85714285714286 1.33765707208358e-05 1.09924256685271e-06 5.43394883717095e-08 60 777.085191367718 1246.57142857143 34.2857142857143 9.87846615690702e-06 2.71697441858547e-07
1890 148.857142857143 9 1.49773214824524e-05 1.17961972673586e-06 7.13205784878687e-08 79 861.232514491527 1395.42857142857 43.2857142857143 1.10580858836429e-05 3.43018020346416e-07
2143 164.285714285714 10.5714285714286 1.69822221888336e-05 1.30188357557221e-06 8.37733779063855e-08 94 983.618061439094 1559.71428571429 53.8571428571429 1.23599694592151e-05 4.26791398252802e-07
2439 192.142857142857 13.8571428571429 1.93278767702124e-05 1.52263774708228e-06 1.0981104941783e-07 125 1130.4426262975 1751.85714285714 67.7142857142857 1.38826072062974e-05 5.36602447670631e-07
2785 224.285714285714 16 2.20697567876349e-05 1.77735409882466e-06 1.26792139533989e-07 141 1304.99978959947 1976.14285714286 83.7142857142857 1.5659961305122e-05 6.6339458720462e-07
3181 257.571428571429 19.5714285714286 2.52078622411011e-05 2.04112703196234e-06 1.55093956394254e-07 174 1503.0836277222 2233.71428571429 103.285714285714 1.77010883370844e-05 8.18488543598874e-07
3441 275.857142857143 20.5714285714286 2.72682345085285e-05 2.1860323342869e-06 1.63018465115128e-07 194 1535.1260870772 2509.57142857143 123.857142857143 1.98871206713713e-05 9.81507008714003e-07
3844 308 24.7142857142857 3.04618115230408e-05 2.44074868602928e-06 1.95848572673036e-07 233 1705.30898965433 2817.57142857143 148.571428571429 2.23278693574005e-05 1.17735558138704e-06
4219 332.714285714286 27.7142857142857 3.34335022933687e-05 2.63659725870232e-06 2.19622098835659e-07 273 1821.68196707774 3150.28571428571 176.285714285714 2.49644666161029e-05 1.3969776802227e-06
4661 359.714285714286 28.8571428571429 3.69361351479951e-05 2.85055899416593e-06 2.28678680230944e-07 296 1987.40582821666 3510 205.142857142857 2.78150256102688e-05 1.62565636045364e-06
5014 367.857142857143 29.5714285714286 3.97334867264637e-05 2.91508713660733e-06 2.34339043602997e-07 332 2038.99602206344 3877.85714285714 234.714285714286 3.07301127468761e-05 1.85999540405664e-06
5399 373.428571428571 37.8571428571429 4.27844225840003e-05 2.95923797090935e-06 2.99999258718813e-07 406 2114.76205131033 4251.28571428571 272.571428571429 3.36893507177855e-05 2.15999466277545e-06
5847 380.857142857143 39.2857142857143 4.6334602490952e-05 3.0181057499787e-06 3.11319985462919e-07 449 2242.0374107282 4632.14285714286 311.857142857143 3.67074564677642e-05 2.47131464823837e-06
6297 408 41.7142857142857 4.99006314153455e-05 3.23319955811671e-06 3.30565220927899e-07 486 2352.01019949564 5040.14285714286 353.571428571429 3.99406560258809e-05 2.80187986916627e-06
6875 433 44.7142857142857 5.44809974560108e-05 3.43131227613857e-06 3.54338747090522e-07 546 2573.30452406926 5473.14285714286 398.285714285714 4.33719683020195e-05 3.15621861625679e-06
7497 468.285714285714 53.8571428571429 5.94100418803946e-05 3.71093422671799e-06 4.26791398252802e-07 650 2805.03736938909 5941.42857142857 452.142857142857 4.70829025287374e-05 3.58301001450959e-06
8261 514.285714285714 55.7142857142857 6.54643665431426e-05 4.07546162787821e-06 4.4150834302014e-07 686 3143.62563024835 6455.71428571429 507.857142857143 5.11583641566157e-05 4.02451835752973e-06
8772 536.857142857143 54.2857142857143 6.95137904995094e-05 4.25432911043509e-06 4.30187616276033e-07 712 3177.86362302325 6992.57142857143 562.142857142857 5.54126932670508e-05 4.45470597380577e-06
9501 586 64.4285714285714 7.52907573570267e-05 4.64376211043234e-06 5.10564776159187e-07 857 3424.90908460053 7578.57142857143 626.571428571429 6.00564553774831e-05 4.96527074996495e-06
10544 671 74.4285714285714 8.35560199528986e-05 5.31734535170666e-06 5.8980986336793e-07 970 3948.48765158192 8249.57142857143 701 6.53738007291898e-05 5.55508061333288e-06
11633 762.285714285714 83.2857142857143 9.21858099499307e-05 6.04073979065504e-06 6.59998369181388e-07 1069 4438.66033570876 9011.85714285714 784.285714285714 7.14145405198448e-05 6.21507898251427e-06
12872 856.714285714286 96.4285714285714 0.000102004276255094 6.78903982844045e-06 7.64149055227165e-07 1221 5004.49347045586 9868.57142857143 880.714285714286 7.82035803482852e-05 6.97922803774144e-06
13842 906.428571428571 93.5714285714286 0.000109691049714342 7.18300111913535e-06 7.41507601738952e-07 1305 5215.51239804015 10775 974.285714285714 8.53865814674206e-05 7.72073563948039e-06
14677 916.571428571429 95 0.000116308014496272 7.2633782790185e-06 7.52828328483059e-07 1351 5259.52821224174 11691.5714285714 1069.28571428571 9.26499597464391e-05 8.47356396796345e-06
15529 965.285714285714 103.142857142857 0.000123059695926457 7.64941506099252e-06 8.17356470924463e-07 1434 5313.86859164395 12656.8571428571 1172.42857142857 0.000100299374807432 9.29092043888791e-06
16752 1035.85714285714 101.714285714286 0.000132751370092086 8.20865896215137e-06 8.06035744180357e-07 1569 5730.96771352875 13692.7142857143 1274.14285714286 0.000108508033769583 1.00969561830683e-05
17799 1036.42857142857 108.857142857143 0.000141048330722842 8.21318725284901e-06 8.62639377900888e-07 1732 5908.80961653603 14729.1428571429 1383 0.000116721221022432 1.09595955609692e-05
19224 1084.42857142857 112.857142857143 0.000152340755650088 8.59356367145097e-06 8.94337412784385e-07 1859 6437.68003100771 15813.5714285714 1495.85714285714 0.000125314784693883 1.18539329737535e-05
20739 1123.85714285714 107.285714285714 0.000164346386362212 8.9060157295883e-06 8.50186578482371e-07 1972 6976.34200146515 16937.4285714286 1603.14285714286 0.000134220800423471 1.27041195522359e-05
22088 1178 108 0.000175036548626672 9.33507127318993e-06 8.55846941854424e-07 2061 7267.31054132449 18115.4285714286 1711.14285714286 0.000143555871696661 1.35599664940903e-05
23471 1256.28571428571 114.714285714286 0.000185996144187641 9.95544709876694e-06 9.09054357551723e-07 2154 7548.15081611056 19371.7142857143 1825.85714285714 0.000153511318795428 1.44690208516421e-05
24905 1339.42857142857 119.571428571429 0.000197359889693374 1.06143133952739e-05 9.47544828481684e-07 2271 7837.39887768005 20711.1428571429 1945.42857142857 0.000164125632190702 1.54165656801237e-05
26025 1324.71428571429 134 0.000206235339460754 1.04977099098096e-05 1.06188416859716e-06 2507 7768.7796017737 22035.8571428571 2079.42857142857 0.000174623342100512 1.64784498487209e-05
27634 1405 138.857142857143 0.00021898587399264 1.11339347528284e-05 1.10037463952712e-06 2704 8199.5671196664 23440.8571428571 2218.28571428571 0.00018575727685334 1.7578824488248e-05
29616 1484.57142857143 157.428571428571 0.000234692250277413 1.17644992324751e-05 1.2475440872005e-06 2961 8938.02143765711 24925.4285714286 2375.71428571429 0.000197521776085815 1.88263685754485e-05
31522 1540.42857142857 169.714285714286 0.0002497963638994 1.22071396481697e-05 1.34490233719981e-06 3160 9488.48183388384 26465.8571428571 2545.42857142857 0.000209728915733985 2.01712709126483e-05
33460 1624.57142857143 184.571428571429 0.000265154061800454 1.28739304533975e-05 1.46263789533851e-06 3353 9987.45945122056 28090.4285714286 2730 0.000222602846187382 2.16339088079868e-05
35022 1650.14285714286 187.285714285714 0.00027753214442246 1.3076571462117e-05 1.48414727615232e-06 3465 10034.7621637236 29740.5714285714 2917.28571428571 0.000235679417649499 2.31180560841392e-05
36327 1631.71428571429 186 0.000287873628303201 1.2930534087118e-05 1.47395862208262e-06 3573 9817.89095069833 31372.2857142857 3103.28571428571 0.000248609951736617 2.45920147062218e-05
38324 1757 202.714285714286 0.000303698872218787 1.39233618225761e-05 1.60641112498866e-06 3926 10325.9104081894 33129.2857142857 3306 0.000262533313559194 2.61984258312104e-05
40186 1793.14285714286 216.571428571429 0.000318454307457055 1.4209776209202e-05 1.71622217440649e-06 4220 10621.8836761049 34922.4285714286 3522.57142857143 0.000276743089768396 2.79146480056169e-05
42595 1854.14285714286 216.571428571429 0.000337544448965641 1.46931712411754e-05 1.71622217440649e-06 4477 11419.9696622975 36776.5714285714 3739.14285714286 0.000291436261009571 2.96308701800234e-05
45032 1930 229.571428571429 0.000356856476718412 1.52943018312874e-05 1.81924078777786e-06 4767 12125.01799278 38706.5714285714 3968.71428571429 0.000306730562840858 3.14501109678013e-05
47144 1954.85714285714 241.714285714286 0.000373593039136898 1.54912824766348e-05 1.91546696510276e-06 5045 12398.1387508451 40661.4285714286 4210.42857142857 0.000322221845317493 3.3365577932904e-05
49219 2028.14285714286 244.571428571429 0.000390036394732712 1.60720357586075e-05 1.93810841859097e-06 5177 12592.8380369712 42689.5714285714 4455 0.000338293881076101 3.5303686351495e-05
51633 2186.57142857143 251.285714285714 0.000409166158784903 1.73275043545289e-05 1.99131583428827e-06 5332 13097.00924521 44876.1428571429 4706.28571428571 0.000355621385430629 3.72950021857833e-05
54346 2288.85714285714 248.571428571429 0.000430665350944635 1.81380683894069e-05 1.96980645347447e-06 5666 13823.7178890415 47165 4954.85714285714 0.000373759453820036 3.92648086392577e-05
56594 2344 267.142857142857 0.00044847964654916 1.85750484417294e-05 2.11697590114785e-06 6090 13975.213959096 49509 5222 0.000392334502261766 4.13817845404056e-05
59567 2424.57142857143 290.428571428571 0.000472039210976319 1.92135374300969e-05 2.30150374707678e-06 6510 14828.7341474963 51933.5714285714 5512.42857142857 0.000411548039691863 4.36832882874824e-05
62527 2499.28571428571 317.428571428571 0.000495495756790107 1.98056114388137e-05 2.51546548254039e-06 6989 15539.8095335915 54432.8571428571 5829.85714285714 0.000431353651130676 4.61987537700228e-05
65856 2673.14285714286 304.857142857143 0.000521876446321898 2.11833438835714e-05 2.41584308719225e-06 7179 16512.0432845055 57106 6134.71428571429 0.000452536995014248 4.8614596857215e-05
68620 2771.57142857143 316.714285714286 0.000543779788426394 2.19633419562403e-05 2.50980511916833e-06 7394 16771.8281438857 59877.5714285714 6451.42857142857 0.000474500336970488 5.11244019763833e-05
71105 2781.71428571429 328.714285714286 0.000563472192597767 2.20437191161235e-05 2.60489922381882e-06 7633 16713.214052636 62659.2857142857 6780.14285714286 0.000496544056086612 5.37293012002022e-05
74560 2887.71428571429 352.571428571429 0.000590851370228388 2.28837170405362e-05 2.7939553604454e-06 8134 17633.4893696947 65547 7132.71428571429 0.000519427773127148 5.65232565606476e-05
78023 3061.28571428571 358.142857142857 0.000618293943928776 2.42591853399451e-05 2.83810619474741e-06 8597 18422.1958070691 68608.2857142857 7490.85714285714 0.000543686958467093 5.9361362755395e-05
81400 3119 362 0.000645055009879168 2.47165427004069e-05 2.8686721569565e-06 9044 19005.2870903438 71727.2857142857 7852.85714285714 0.0005684035011675 6.22300349123515e-05
84627 3157.14285714286 346.571428571429 0.000670627399521429 2.50188061044746e-05 2.74640830812015e-06 9415 19349.9467970545 74884.4285714286 8199.42857142857 0.000593422307271974 6.49764432204716e-05
87512 3093.71428571429 371.428571428571 0.000693489607181152 2.45161658370363e-05 2.9433889534676e-06 9779 19300.3354406973 77978.1428571429 8570.85714285714 0.000617938473109011 6.79198321739392e-05
90664 3149.14285714286 362.285714285714 0.000718467658669348 2.49554100347076e-05 2.87093630230532e-06 9930 19525.2481386073 81127.2857142857 8933.14285714286 0.000642893883143718 7.07907684762445e-05
93435 3190 362 0.00074042647233489 2.5279182819589e-05 2.8686721569565e-06 10167 19335.0505950579 84317.2857142857 9295.14285714286 0.000668173065963307 7.3659440633201e-05
97326 3252.28571428571 357.571428571429 0.000771260735767812 2.5772766505632e-05 2.83357790404977e-06 10637 20293.698395483 87569.5714285714 9652.71428571429 0.000693945832468939 7.64930185372508e-05
101238 3316.42857142857 447.285714285714 0.000802261413883872 2.62810671364424e-05 3.54451954357963e-06 11728 21127.9577485196 90886 10100 0.000720226899605382 8.00375380808304e-05
105680 3468.57142857143 500.142857142857 0.000837462081621996 2.74867245346897e-05 3.96338643311156e-06 12545 22365.6933959747 94354.5714285714 10600.1428571429 0.000747713624140071 8.4000924513942e-05
110026 3628.42857142857 536.428571428571 0.000871901996522916 2.87535138573552e-05 4.25093289241186e-06 13170 23319.7141558756 97983 11136.5714285714 0.000776467137997427 8.82518574063539e-05
113619 3729.57142857143 533.142857142857 0.000900374756357017 2.95550213108379e-05 4.22489522090041e-06 13511 23376.0482049772 101712.571428571 11669.7142857143 0.000806022159308264 9.24767526272543e-05
117103 3777 538.428571428571 0.000927983744740543 2.99308694387422e-05 4.26678190985361e-06 13699 23314.8386367771 105489.571428571 12208.1428571429 0.000835953028747007 9.67435345371079e-05
120102 3809.57142857143 555.142857142857 0.000951749346394445 3.01889820085079e-05 4.39923441275965e-06 14053 22777.9121067084 109299.142857143 12763.2857142857 0.000866142010755515 0.000101142768949868
124301 3853.57142857143 573.142857142857 0.000985024358513396 3.05376603922263e-05 4.54187556973538e-06 14649 23522.4158104897 113152.714285714 13336.4285714286 0.000896679671147741 0.000105684644519603
129184 3992.28571428571 518.428571428571 0.00102371973459743 3.1636902959079e-05 4.10829173543612e-06 15357 24838.0081431504 117145 13854.8571428571 0.00092831657410682 0.000109792936255039
133974 4042 485.571428571429 0.00106167813137041 3.20308642497739e-05 3.84791502032168e-06 15944 25861.0778497152 121187 14340.4285714286 0.000960347438356594 0.000113640851275361
139196 4167.14285714286 468.285714285714 0.00110305991591082 3.30225599125576e-05 3.71093422671799e-06 16448 27160.9888878496 125354.142857143 14808.7142857143 0.000993369998269151 0.000117351785502079
142690 4153 480.142857142857 0.00113074814938155 3.2910484717791e-05 3.80489625869407e-06 16872 26535.7555237398 129507.142857143 15288.8571428571 0.00102628048298694 0.000121156681760773
