# totalCases dailyCases dailyDeceased totalCasesNormalized dailyCasesNormalized dailyDeceasedNormalized totalDeceased Sick totalCasesAveraged totalDeathsAv
1 0.142857142857143 0 2.354913763058e-06 3.36416251865428e-07 0 0 1 0.142857142857143 0 3.36416251865428e-07 0
7 1 0.142857142857143 1.6484396341406e-05 2.354913763058e-06 3.36416251865428e-07 1 6.84834008138958 1.14285714285714 0.142857142857143 2.69133001492342e-06 3.36416251865428e-07
14 2 0.142857142857143 3.2968792682812e-05 4.70982752611599e-06 3.36416251865428e-07 1 12.8097213820296 3.14285714285714 0.285714285714286 7.40115754103942e-06 6.72832503730856e-07
27 3.85714285714286 0.142857142857143 6.35826716025659e-05 9.08323880036656e-06 3.36416251865428e-07 1 23.8670000798088 7 0.428571428571429 1.6484396341406e-05 1.00924875559628e-06
36 5.14285714285714 0.142857142857143 8.47768954700879e-05 1.21109850671554e-05 3.36416251865428e-07 1 29.2473327902301 12.1428571428571 0.571428571428571 2.85953814085614e-05 1.34566500746171e-06
43 6.14285714285714 0.142857142857143 0.000101261291811494 1.44658988302134e-05 3.36416251865428e-07 1 31.8116846796919 18.2857142857143 0.714285714285714 4.30612802387748e-05 1.68208125932714e-06
43 6.14285714285714 0.142857142857143 0.000101261291811494 1.44658988302134e-05 3.36416251865428e-07 1 26.9871271703095 24.4285714285714 0.857142857142857 5.75271790689882e-05 2.01849751119257e-06
69 9.71428571428571 0.142857142857143 0.000162489049651002 2.28763051268491e-05 3.36416251865428e-07 1 48.8942616601313 34.1428571428571 1 8.04034841958373e-05 2.354913763058e-06
86 11.2857142857143 0 0.000202522583622988 2.65768838973688e-05 0 1 58.4789619162392 45.4285714285714 1 0.000106980368093206 2.354913763058e-06
109 13.5714285714286 0 0.000256685600173322 3.19595439272157e-05 0 1 72.6100473116004 59 1 0.000138939912020422 2.354913763058e-06
137 15.7142857142857 0 0.000322623185538946 3.70057877051971e-05 0 1 89.5980134460243 74.7142857142857 1 0.000175945699725619 2.354913763058e-06
200 23.4285714285714 0 0.000470982752611599 5.51722653059302e-05 0 1 139.009586019145 98.1428571428571 1 0.000231117965031549 2.354913763058e-06
245 28.8571428571429 0.285714285714286 0.000576953871949209 6.79560828768165e-05 6.72832503730856e-07 3 162.927403517413 127 1.28571428571429 0.000299074047908366 3.02774626678885e-06
313 38.5714285714286 0.285714285714286 0.000737088007837153 9.08323880036656e-05 6.72832503730856e-07 3 206.217846760555 165.571428571429 1.57142857142857 0.000389906435912031 3.70057877051971e-06
345 39.4285714285714 0.714285714285714 0.000812445248255009 9.28508855148582e-05 1.68208125932714e-06 6 206.942864904833 205 2.28571428571429 0.000482757321426889 5.38266002984685e-06
443 51 0.714285714285714 0.00104322679703469 0.000120100601915958 1.68208125932714e-06 6 273.557926856359 256 3 0.000602857923342847 7.06474128917399e-06
588 68.4285714285714 0.714285714285714 0.0013846892926781 0.00016114338464354 1.68208125932714e-06 6 377.070153934088 324.428571428571 3.71428571428571 0.000764001307986387 8.74682254850113e-06
674 76.7142857142857 1.14285714285714 0.00158721187630109 0.000180655527251735 2.69133001492342e-06 9 405.883725078026 401.142857142857 4.85714285714286 0.000944656835238122 1.14381525634246e-05
786 83.7142857142857 1.85714285714286 0.00185096221776359 0.000197139923593141 4.37341127425057e-06 14 456.327432367398 484.857142857143 6.71428571428571 0.00114179675883126 1.58115638376751e-05
901 93.7142857142857 2 0.00212177730051526 0.000220689061223721 4.70982752611599e-06 17 502.120851114856 578.571428571429 8.71428571428571 0.00136248582005498 2.05213913637911e-05
989 96.5714285714286 3 0.00232900971166436 0.000227417386261029 7.06474128917399e-06 24 513.969243702182 675.142857142857 11.7142857142857 0.00158990320631601 2.75861326529651e-05
1075 104.285714285714 2.85714285714286 0.00253153229528735 0.000245583863861763 6.72832503730856e-06 26 522.02071003405 779.428571428571 14.5714285714286 0.00183548707017778 3.43144576902737e-05
1181 105.428571428571 3.42857142857143 0.00278115315417149 0.000248275193876686 8.07399004477027e-06 30 548.851091637332 884.857142857143 18 0.00208376226405446 4.23884477350439e-05
1317 104.142857142857 3.71428571428571 0.00310142142594738 0.000245247447609897 8.74682254850113e-06 32 601.612379750373 989 21.7142857142857 0.00232900971166436 5.11352702835451e-05
1475 114.428571428571 4 0.00347349780051055 0.000269469417744208 9.41965505223199e-06 37 668.37189520241 1103.42857142857 25.7142857142857 0.00259847912940857 6.05549253357771e-05
1673 126.714285714286 3.85714285714286 0.00393977072559603 0.000298401215404635 9.08323880036656e-06 41 765.00666797452 1230.14285714286 29.5714285714286 0.0028968803448132 6.96381641361436e-05
1801 128.571428571429 4.14285714285714 0.00424119968726745 0.000302774626678885 9.75607130409742e-06 46 776.985818973075 1358.71428571429 33.7142857142857 0.00319965497149209 7.9394235440241e-05
1988 142.714285714286 4.28571428571429 0.0046815685609593 0.000336079835613563 1.00924875559628e-05 54 846.148212906168 1501.42857142857 38 0.00353573480710565 8.94867229962039e-05
2100 146.428571428571 4.14285714285714 0.00494531890242179 0.000344826658162064 9.75607130409742e-06 55 829.821443804466 1647.85714285714 42.1428571428571 0.00388056146526771 9.92427943003013e-05
2249 152.571428571429 4.14285714285714 0.00529620105311743 0.000359292556992277 9.75607130409742e-06 59 852.970791175899 1800.42857142857 46.2857142857143 0.00423985402225999 0.000108998865604399
2528 173 4.42857142857143 0.00595322199301062 0.000407400081009033 1.04289038078283e-05 63 1002.6093104091 1973.42857142857 50.7142857142857 0.00464725410326902 0.000119427769412227
2752 182.428571428571 4.14285714285714 0.00648072267593561 0.000429603553632152 9.75607130409742e-06 66 1074.5536639944 2155.85714285714 54.8571428571429 0.00507685765690118 0.000129183840716324
2974 185.857142857143 4.71428571428571 0.00700351353133448 0.000437677543676922 1.11017363115591e-05 74 1133.58694277048 2341.71428571429 59.5714285714286 0.0055145352005781 0.000140285577027884
3234 204.714285714286 4.71428571428571 0.00761579110972956 0.000482084488923158 1.11017363115591e-05 79 1221.66723929208 2546.42857142857 64.2857142857143 0.00599661968950126 0.000151387313339443
3400 201.714285714286 4.71428571428571 0.00800670679439719 0.000475019747633985 1.11017363115591e-05 87 1202.38928521202 2748.14285714286 69 0.00647163943713524 0.000162489049651002
3472 196 5.57142857142857 0.00817626058533736 0.000461563097559367 1.31202338227517e-05 94 1092.03502407872 2944.14285714286 74.5714285714286 0.00693320253469461 0.000175609283473753
3574 189.285714285714 5.14285714285714 0.00841646178916928 0.000445751533721692 1.21109850671554e-05 95 1028.41708120722 3133.42857142857 79.7142857142857 0.0073789540684163 0.000187720268540909
3751 174.714285714286 5.71428571428571 0.00883328152523055 0.000411437076031419 1.34566500746171e-05 103 1049.44743037376 3308.14285714286 85.4285714285714 0.00779039114444772 0.000201176918615526
4016 180.571428571429 6.14285714285714 0.00945733367244092 0.000425230142357901 1.44658988302134e-05 109 1155.28831849736 3488.71428571429 91.5714285714286 0.00821562128680562 0.000215642817445739
4210 176.571428571429 6 0.00991418694247417 0.000415810487305669 1.4129482578348e-05 116 1174.07738614248 3665.28571428571 97.5714285714286 0.00863143177411129 0.000229772300024087
4273 148.428571428571 5.85714285714286 0.0100625465095468 0.00034953648568818 1.37930663264826e-05 120 1059.01690531778 3813.71428571429 103.428571428571 0.00898096825979947 0.00024356536635057
4467 152.428571428571 5.57142857142857 0.0105193997795801 0.000358956140740412 1.31202338227517e-05 126 1092.40648765023 3966.14285714286 109 0.00933992440053988 0.000256685600173322
4658 169.428571428571 6 0.0109691883083241 0.000398989674712398 1.4129482578348e-05 136 1117.7322086437 4135.57142857143 115 0.00973891407525228 0.00027081508275167
4821 178.142857142857 6.57142857142857 0.0113530392517026 0.000419511066076189 1.54751475858097e-05 141 1111.21703285255 4313.71428571429 121.571428571429 0.0101584251413285 0.000286290230337479
4992 177.285714285714 5.85714285714286 0.0117557295051855 0.000417492568564996 1.37930663264826e-05 144 1113.68994809162 4491 127.428571428571 0.0105759177098935 0.000300083296663962
5166 164.285714285714 5.28571428571429 0.0121654844999576 0.000386878689645242 1.24474013190208e-05 146 1118.7878212068 4655.28571428571 132.714285714286 0.0109627963995387 0.000312530697982983
5338 161.142857142857 5.42857142857143 0.0125705296672036 0.000379477532104203 1.27838175708863e-05 154 1121.11255130025 4816.42857142857 138.142857142857 0.0113422739316429 0.000325314515553869
5538 180.714285714286 5.57142857142857 0.0130415124198152 0.000425566558609767 1.31202338227517e-05 159 1151.08471301693 4997.14285714286 143.714285714286 0.0117678404902527 0.000338434749376621
5779 187.428571428571 5.57142857142857 0.0136090466367122 0.000441378122447442 1.31202338227517e-05 165 1217.51129912708 5184.57142857143 149.285714285714 0.0122092186127001 0.000351554983199372
6021 194.714285714286 4.42857142857143 0.0141789357673722 0.000458535351292579 1.04289038078283e-05 167 1274.8636345942 5379.28571428571 153.714285714286 0.0126677539639927 0.000361983887007201
6200 197 5 0.0146004653309596 0.000463918011322425 1.177456881529e-05 176 1260.51791953226 5576.28571428571 158.714285714286 0.0131316719753151 0.000373758455822491
6378 198 4.85714285714286 0.0150196399807839 0.000466272925085483 1.14381525634246e-05 178 1247.34787444902 5774.28571428571 163.571428571429 0.0135979449004006 0.000385196608385915
6532 195.142857142857 6 0.0153822967002948 0.000459544600048175 1.4129482578348e-05 188 1212.1751973312 5969.42857142857 169.571428571429 0.0140574895004488 0.000399326090964263
6720 197.428571428571 5.42857142857143 0.0158250204877497 0.000464927260078022 1.27838175708863e-05 192 1216.33680556238 6166.85714285714 175 0.0145224167605268 0.000412109908535149
7090 221.714285714286 5.42857142857143 0.0166963385800812 0.000522118022895144 1.27838175708863e-05 197 1401.86726462793 6388.57142857143 180.428571428571 0.0150445347834219 0.000424893726106036
7197 202.571428571429 5 0.0169483143527284 0.000477038245145177 1.177456881529e-05 200 1296.26018937185 6591.14285714286 185.428571428571 0.0155215730285671 0.000436668294921326
7387 195.142857142857 5.14285714285714 0.0173957479677094 0.000459544600048175 1.21109850671554e-05 203 1289.66947455378 6786.28571428571 190.571428571429 0.0159811176286153 0.000448779279988481
7523 189 4.85714285714286 0.0177160162394853 0.000445078701217961 1.14381525634246e-05 210 1230.07830700861 6975.28571428571 195.428571428571 0.0164261963298333 0.000460217432551906
7731 193.285714285714 5.71428571428571 0.0182058383022014 0.000455171188773924 1.34566500746171e-05 218 1251.52473108324 7168.57142857143 201.142857142857 0.0168813675186072 0.000473674082626523
7868 190.857142857143 5.28571428571429 0.0185284614877403 0.000449452112492212 1.24474013190208e-05 225 1198.71859222823 7359.42857142857 206.428571428571 0.0173308196310994 0.000486121483945544
8070 192.857142857143 5.57142857142857 0.019004154067878 0.000454161940018328 1.31202338227517e-05 231 1218.9210280941 7552.28571428571 212 0.0177849815711177 0.000499241717768295
8282 170.285714285714 5.71428571428571 0.0195033957856463 0.00040100817222359 1.34566500746171e-05 237 1246.05956418082 7722.57142857143 217.714285714286 0.0181859897433413 0.000512698367842913
8448 178.714285714286 6.28571428571429 0.019894311470314 0.000420856731083651 1.48023150820788e-05 244 1223.08227209342 7901.28571428571 224 0.018606846474425 0.000527500682924991
8616 175.571428571429 6.57142857142857 0.0202899369825077 0.000413455573542611 1.54751475858097e-05 249 1205.58971425388 8076.85714285714 230.571428571429 0.0190203020479676 0.000542975830510801
8783 180 6 0.0206832075809384 0.000423884477350439 1.4129482578348e-05 252 1189.75007631258 8256.85714285714 236.571428571429 0.019444186525318 0.000557105313089149
8944 173.285714285714 5.42857142857143 0.0210623486967907 0.000408072913512764 1.27838175708863e-05 256 1170.31267657227 8430.14285714286 242 0.0198522594388308 0.000569889130660035
9118 178.571428571429 5 0.0214721036915628 0.000420520314831785 1.177456881529e-05 260 1166.82315129458 8608.71428571429 247 0.0202727797536626 0.000581663699475325
9268 171.142857142857 5 0.0218253407560215 0.000403026669734783 1.177456881529e-05 266 1139.86284713649 8779.85714285714 252 0.0206758064233973 0.000593438268290615
9449 166.714285714286 4.57142857142857 0.022251580147135 0.000392597765926955 1.07653200596937e-05 269 1147.99134051272 8946.57142857143 256.571428571429 0.0210684041893243 0.000604203588350309
9606 165.428571428571 4.42857142857143 0.0226213016079351 0.000389570019660166 1.04289038078283e-05 275 1130.8870672451 9112 261 0.0214579742089845 0.000614632492158137
9726 158.571428571429 4.28571428571429 0.0229038912595021 0.000373422039570625 1.00924875559628e-05 279 1079.37682666913 9270.57142857143 265.285714285714 0.0218313962485551 0.0006247249797141
9867 154.857142857143 4.14285714285714 0.0232359341000933 0.000364675217022124 9.75607130409742e-06 281 1056.67862498651 9425.42857142857 269.428571428571 0.0221960714655772 0.000634481051018197
9977 147.571428571429 4.42857142857143 0.0234949746140296 0.000347517988176987 1.04289038078283e-05 287 1006.42283072369 9573 273.857142857143 0.0225435894537542 0.000644909954826026
10116 142.571428571429 4.42857142857143 0.0238223076270947 0.000335743419361697 1.04289038078283e-05 291 992.788826128465 9715.57142857143 278.285714285714 0.0228793328731159 0.000655338858633854
10267 142.714285714286 4.14285714285714 0.0241778996053165 0.000336079835613563 9.75607130409742e-06 295 993.222553560487 9858.28571428571 282.428571428571 0.0232154127087295 0.000665094929937951
10577 161.142857142857 4.28571428571429 0.0249079228718644 0.000379477532104203 1.00924875559628e-05 299 1152.59050192547 10019.4285714286 286.714285714286 0.0235948902408337 0.000675187417493914
10926 188.571428571429 4.42857142857143 0.0257297877751717 0.000444069452462365 1.04289038078283e-05 306 1326.78872021231 10208 291.142857142857 0.024038959693296 0.000685616321301743
11183 208.142857142857 4.42857142857143 0.0263350006122776 0.000490158478967929 1.04289038078283e-05 310 1382.56805089169 10416.1428571429 295.571428571429 0.024529118172264 0.000696045225109571
11447 225.714285714286 4.57142857142857 0.0269566978457249 0.000531537677947376 1.07653200596937e-05 313 1436.88789282009 10641.8571428571 300.142857142857 0.0250606558502113 0.000706810545169265
11728 250.142857142857 4 0.0276184286131442 0.000589064857016365 9.41965505223199e-06 315 1499.96959194269 10892 304.142857142857 0.0256497207072277 0.000716230200221496
12131 287.857142857143 4.14285714285714 0.0285674588596566 0.000677878747508838 9.75607130409742e-06 320 1675.48432571056 11179.8571428571 308.285714285714 0.0263275994547365 0.000725986271525594
12531 323.428571428571 4.42857142857143 0.0295094243648798 0.000761646394223329 1.04289038078283e-05 326 1821.38050924026 11503.2857142857 312.714285714286 0.0270892458489599 0.000736415175333422
13018 348.714285714286 4.42857142857143 0.030656267367489 0.00082119207080351 1.04289038078283e-05 330 2032.15008945027 11852 317.142857142857 0.0279104379197634 0.00074684407914125
13463 362.428571428571 4.28571428571429 0.0317042039920498 0.000853488030982591 1.00924875559628e-05 336 2168.95437228009 12214.4285714286 321.428571428571 0.028763925950746 0.000756936566697213
13837 379.142857142857 4.85714285714286 0.0325849417394335 0.000892848732450846 1.14381525634246e-05 344 2214.01092871037 12593.5714285714 326.285714285714 0.0296567746831968 0.000768374719260638
14095 378.285714285714 5.57142857142857 0.0331925094903025 0.000890830234939654 1.31202338227517e-05 352 2136.23421145958 12971.8571428571 331.857142857143 0.0305476049181365 0.000781494953083389
14609 411.571428571429 6 0.0344029351645143 0.000969215221624298 1.4129482578348e-05 357 2326.25310481682 13383.4285714286 337.857142857143 0.0315168201397608 0.000795624435661737
15044 416.142857142857 6.14285714285714 0.0354273226514445 0.000979980541683992 1.44658988302134e-05 363 2408.45374827306 13799.5714285714 344 0.0324968006814448 0.000810090334491951
15463 418.857142857143 6.28571428571429 0.0364140315181658 0.000986372450469435 1.48023150820788e-05 370 2462.18784883301 14218.4285714286 350.285714285714 0.0334831731319142 0.00082489264957403
16004 426.571428571429 8 0.0376880398639802 0.00100453892807017 1.8839310104464e-05 386 2629.77264007543 14645 358.285714285714 0.0344877120599844 0.000843731959678494
16425 423.142857142857 8.14285714285714 0.0386794585582276 0.000996464938025398 1.91757263563294e-05 393 2651.94153551768 15068.1428571429 366.428571428571 0.0354841769980098 0.000862907686034823
16854 431 7.71428571428571 0.0396897165625795 0.001014967831878 1.81664776007331e-05 398 2678.74829808147 15499.1428571429 374.142857142857 0.0364991448298878 0.000881074163635556
17233 448.285714285714 7.28571428571429 0.0405822288787785 0.00105567419835371 1.71572288451368e-05 403 2651.48954921663 15947.4285714286 381.428571428571 0.0375548190282415 0.000898231392480693
17889 468.571428571429 8 0.0421270523073445 0.0011034453061186 1.8839310104464e-05 413 2905.36485998606 16416 389.428571428571 0.0386582643343601 0.000917070702585157
18586 506 7.85714285714286 0.0437684272001959 0.00119158636410735 1.85028938525985e-05 418 3161.737461787 16922 397.285714285714 0.0398498506984674 0.000935573596437756
19211 535.428571428571 7.28571428571429 0.0452402483021072 0.00126088811199162 1.71572288451368e-05 421 3307.22861566486 17457.4285714286 404.571428571429 0.041110738810459 0.000952730825282892
20059 579.285714285714 6.14285714285714 0.0472372151731804 0.00136416790131431 1.44658988302134e-05 429 3653.65459298708 18036.7142857143 410.714285714286 0.0424749067117734 0.000967196724113106
20686 608.714285714286 6.28571428571429 0.0487137461026177 0.00143346964919859 1.48023150820788e-05 437 3726.54163478407 18645.4285714286 417 0.043908376360972 0.000981999039195185
21422 652.571428571429 7.14285714285714 0.0504469626322284 0.00153674943852128 1.68208125932714e-05 448 3897.37463375437 19298 424.142857142857 0.0454451257994932 0.000998819851788456
21962 675.571428571429 7.71428571428571 0.0517186160642797 0.00159091245507161 1.81664776007331e-05 457 3846.29911400487 19973.5714285714 431.857142857143 0.0470360382545648 0.00101698632938919
22597 672.571428571429 8.14285714285714 0.0532139863038216 0.00158384771378244 1.91757263563294e-05 470 3897.96970342355 20646.1428571429 440 0.0486198859683473 0.00103616205574552
23351 680.714285714286 8.14285714285714 0.0549895912811673 0.00160302344013876 1.91757263563294e-05 475 4060.80393545645 21326.8571428571 448.142857142857 0.050222909408486 0.00105533778210185
