# totalCases dailyCases dailyDeceased totalCasesNormalized dailyCasesNormalized dailyDeceasedNormalized totalDeceased Sick totalCasesAveraged totalDeathsAv
1 0.142857142857143 0 3.07593291045818e-08 4.39418987208311e-09 0 0 1 0.142857142857143 0 4.39418987208311e-09 0
7 1 0 2.15315303732072e-07 3.07593291045818e-08 0 0 6.84834008138958 1.14285714285714 0 3.51535189766649e-08 0
9 1.28571428571429 0 2.76833961941236e-07 3.9547708848748e-08 0 0 7.80972138202956 2.42857142857143 0 7.47012278254129e-08 0
11 1.57142857142857 0 3.383526201504e-07 4.83360885929142e-08 0 0 8.62529967286089 4 0 1.23037316418327e-07 0
17 2.42857142857143 0 5.2290859477789e-07 7.47012278254129e-08 0 0 13.3171874264843 6.42857142857143 0 1.9773854424374e-07 0
22 3.14285714285714 0 6.76705240300799e-07 9.66721771858285e-08 0 0 16.297503865264 9.57142857142857 0 2.94410721429568e-07 0
38 5.42857142857143 0 1.16885450597411e-06 1.66979215139158e-07 0 0 29.825825755505 15 0 4.61389936568727e-07 0
43 6 0 1.32265115149702e-06 1.84555974627491e-07 0 0 30.3024434489366 21 0 6.45945911196217e-07 0
71 9.14285714285714 0 2.18391236642531e-06 2.81228151813319e-07 0 0 53.706777341774 30.1428571428571 0 9.27174063009536e-07 0
86 11 0 2.64530230299403e-06 3.383526201504e-07 0 0 60.5616118612925 41.1428571428571 0 1.26552668315994e-06 0
117 15.1428571428571 0 3.59884150523607e-06 4.6578412644081e-07 0 0 82.376842735493 56.2857142857143 0 1.73131080960075e-06 0
145 18.2857142857143 0 4.46010272016436e-06 5.62456303626638e-07 0 0 97.8835774708447 74.5714285714286 0 2.29376711322738e-06 0
234 30.2857142857143 0.285714285714286 7.19768301047214e-06 9.3156825288162e-07 8.78837974416622e-09 2 172.03856207832 104.857142857143 0.285714285714286 3.225335366109e-06 8.78837974416622e-09
263 32.1428571428571 0.428571428571429 8.08970355450501e-06 9.886927212187e-07 1.31825696162493e-08 3 174.947207755668 137 0.714285714285714 4.2140280873277e-06 2.19709493604156e-08
318 39.2857142857143 0.714285714285714 9.78146665525701e-06 1.20840221482286e-06 2.19709493604156e-08 5 203.414728466323 176.285714285714 1.42857142857143 5.42243030215056e-06 4.39418987208311e-08
363 41.7142857142857 0.714285714285714 1.11656364649632e-05 1.28310344264827e-06 2.19709493604156e-08 5 217.56486730296 218 2.14285714285714 6.70553374479883e-06 6.59128480812467e-08
395 44.1428571428571 0.714285714285714 1.21499349963098e-05 1.35780467047368e-06 2.19709493604156e-08 5 216.568997235306 262.142857142857 2.85714285714286 8.06333841527251e-06 8.78837974416622e-08
416 42.7142857142857 1 1.2795880907506e-05 1.31386277175285e-06 3.07593291045818e-08 7 204.724160741059 304.857142857143 3.85714285714286 9.37720118702536e-06 1.18643126546244e-07
558 59 1.14285714285714 1.71637056403566e-05 1.81480041717033e-06 3.51535189766649e-08 8 315.675711185483 363.857142857143 5 1.11920016041957e-05 1.53796645522909e-07
580 49.4285714285714 1 1.78404108806574e-05 1.52038969574076e-06 3.07593291045818e-08 9 289.800358519806 413.285714285714 6 1.27123912999364e-05 1.84555974627491e-07
635 53.1428571428571 1.14285714285714 1.95321739814094e-05 1.63463863241492e-06 3.51535189766649e-08 11 300.849259733422 466.428571428571 7.14285714285714 1.43470299323514e-05 2.19709493604156e-07
671 50.4285714285714 1.57142857142857 2.06395098291744e-05 1.55114902484534e-06 4.83360885929142e-08 16 291.222485488246 516.857142857143 8.71428571428571 1.58981789571967e-05 2.6804558219707e-07
852 69.8571428571429 1.85714285714286 2.62069483971037e-05 2.14875884744864e-06 5.71244683370805e-08 18 428.055707041574 586.714285714286 10.5714285714286 1.80469378046453e-05 3.2517005053415e-07
950 79.2857142857143 2.71428571428571 2.92213626493527e-05 2.43877537900613e-06 8.34896075695791e-08 24 461.136813350923 666 13.2857142857143 2.04857131836515e-05 4.08659658103729e-07
1065 92.7142857142857 3.28571428571429 3.27586854963796e-05 2.85182922698194e-06 1.01066367057912e-07 30 506.200841769853 758.714285714286 16.5714285714286 2.33375424106334e-05 5.09726025161641e-07
1323 109.285714285714 5.57142857142857 4.06945924053617e-05 3.36155525214358e-06 1.71373405011241e-07 47 687.430463306511 868 22.1428571428571 2.6699097662777e-05 6.81099430172882e-07
1414 119.142857142857 6.57142857142857 4.34936913538786e-05 3.66475435331732e-06 2.02132734115823e-07 55 674.174815191122 987.142857142857 28.7142857142857 3.03638520160943e-05 8.83232164288705e-07
1595 137.142857142857 7.14285714285714 4.90611299218079e-05 4.21842227719979e-06 2.19709493604156e-07 61 752.929517590041 1124.28571428571 35.8571428571429 3.45822742932941e-05 1.10294165789286e-06
1746 153.571428571429 8.14285714285714 5.37057886165998e-05 4.72375411248935e-06 2.50468822708737e-07 73 789.740288232952 1277.85714285714 44 3.93060284057834e-05 1.3534104806016e-06
2281 204.142857142857 9.28571428571429 7.0162029687551e-05 6.27929732720677e-06 2.85622341685402e-07 83 1204.96834039617 1482 53.2857142857143 4.55853257329902e-05 1.639032822287e-06
2561 230.142857142857 9.71428571428571 7.87746418368339e-05 7.07903988392589e-06 2.98804911301652e-07 92 1302.22293996356 1712.14285714286 63 5.26643656169161e-05 1.93783773358865e-06
2954 269.857142857143 11 9.08630581749346e-05 8.300624668365e-06 3.383526201504e-07 107 1497.72791487606 1982 74 6.09649902852811e-05 2.27619035373905e-06
4342 431.285714285714 10.5714285714286 0.000133557006972094 1.32660592238189e-05 3.2517005053415e-07 121 2658.5826212054 2413.28571428571 84.5714285714286 7.42310495091e-05 2.6013604042732e-06
5256 548.857142857143 11.8571428571429 0.000161671033773682 1.68824774885433e-05 3.64717759382898e-07 138 3169.38219725431 2962.14285714286 96.4285714285714 9.11135269976433e-05 2.9660781636561e-06
5897 614.571428571429 15.4285714285714 0.000181387763729719 1.89038048297015e-05 4.74572506184976e-07 169 3329.71395117341 3576.71428571429 111.857142857143 0.000110017331827345 3.44065066984108e-06
6848 728.857142857143 15.4285714285714 0.000210639885708176 2.2419156727368e-05 4.74572506184976e-07 181 3775.72980434247 4305.57142857143 127.285714285714 0.000132436488554713 3.91522317602605e-06
7519 748.285714285714 15.7142857142857 0.00023127939553735 2.30167665499713e-05 4.83360885929142e-07 193 3874.10292952095 5053.85714285714 143 0.000155453255104684 4.39858406195519e-06
7519 708.285714285714 14.4285714285714 0.00023127939553735 2.17863933857881e-05 4.43813177080394e-07 193 3286.55679454141 5762.14285714286 157.428571428571 0.000177239648490472 4.84239723903559e-06
10303 1049.85714285714 17.5714285714286 0.000316913367764506 3.22929013699388e-05 5.40485354266223e-07 230 5572.11785857273 6812 175 0.000209532549860411 5.38288259330181e-06
11475 1019 19 0.000352963301475076 3.13437563575688e-05 5.84427252987054e-07 254 5899.05091765392 7831 194 0.00024087630621798 5.96730984628887e-06
12491 1033.57142857143 19.4285714285714 0.000384214779845331 3.17919637245213e-05 5.97609822603303e-07 274 6020.4013356038 8864.57142857143 213.428571428571 0.000272668269942501 6.56491966889217e-06
13489 1084.57142857143 18.7142857142857 0.000414912590291704 3.3360689508855e-05 5.75638873242888e-07 300 6105.34775904406 9949.14285714286 232.142857142857 0.000306028959451356 7.14055854213506e-06
14420 1081.71428571429 23.8571428571429 0.000443549525688069 3.32728057114133e-05 7.3382970863788e-07 348 6110.41121481913 11030.8571428571 256 0.00033930176516277 7.87438825077294e-06
15628 1158.42857142857 29.5714285714286 0.000480706795246404 3.56324856727219e-05 9.09597303521204e-07 400 6391.70674730346 12189.2857142857 285.571428571429 0.000374934250835491 8.78398555429414e-06
16325 1258 36 0.000502146047632298 3.86952360135639e-05 1.10733584776494e-06 445 6119.34102222574 13447.2857142857 321.571428571429 0.000413629486849055 9.89132140205908e-06
17837 1076.28571428571 36.2857142857143 0.000548654153238425 3.31058264962742e-05 1.11612422750911e-06 484 6703.28226084557 14523.5714285714 357.857142857143 0.00044673531334533 1.10074456295682e-05
19250 1110.71428571429 39.4285714285714 0.000592117085263199 3.41648262554462e-05 1.21279640469494e-06 530 7099.66301874306 15634.2857142857 397.285714285714 0.000480900139600776 1.22202420342631e-05
20914 1203.28571428571 42.5714285714286 0.000643300608893223 3.7012261292556e-05 1.30946858188077e-06 572 7686.92870315907 16837.5714285714 439.857142857143 0.000517912400893332 1.35297106161439e-05
21648 1165.57142857143 47.7142857142857 0.000665877956455986 3.58521951663261e-05 1.46765941727576e-06 634 7255.12972167386 18003.1428571429 487.571428571429 0.000553764596059658 1.49973700334197e-05
25331 1558.71428571429 50.2857142857143 0.000779164565548161 4.79450056942988e-05 1.54675483497326e-06 700 9837.81733857676 19561.8571428571 537.857142857143 0.000601709601753957 1.65441248683929e-05
27517 1698.42857142857 46.8571428571429 0.000846404458970777 5.22425233891961e-05 1.44129427804326e-06 728 10531.814761704 21260.2857142857 584.714285714286 0.000653952125143153 1.79854191464362e-05
28699 1767.71428571429 48.1428571428571 0.000882761985972393 5.43737054771564e-05 1.48084198689201e-06 782 10116.560592124 23028 632.857142857143 0.000708325830620309 1.94662611333282e-05
31190 1907.57142857143 52.8571428571429 0.000959383474771906 5.86756173619258e-05 1.62585025267075e-06 854 11073.2838361051 24935.5714285714 685.714285714286 0.000767001447982235 2.10921113859989e-05
33931 2097.28571428571 59 0.00104369479584756 6.45111015120522e-05 1.81480041717033e-06 943 12134.9105107713 27032.8571428571 744.714285714286 0.000831512549494287 2.29069118031693e-05
36976 2294.57142857143 68.4285714285714 0.00113735695297102 7.05794777253989e-05 2.10481694872781e-06 1051 13339.530970363 29327.4285714286 813.142857142857 0.000902092027219686 2.50117287518971e-05
40459 2687.28571428571 70 0.00124449169624227 8.26591056837554e-05 2.15315303732072e-06 1124 14799.4587890965 32014.7142857143 883.142857142857 0.000984751132903442 2.71648817892178e-05
42534 2457.57142857143 71.4285714285714 0.00130831730413428 7.55932483694458e-05 2.19709493604156e-06 1200 14629.9740736639 34472.2857142857 954.571428571429 0.00106034438127289 2.93619767252593e-05
45928 2630.14285714286 79.7142857142857 0.00141271446711523 8.09014297349222e-05 2.45195794862238e-06 1286 15805.1933963795 37102.4285714286 1034.28571428571 0.00114124581100781 3.18139346738817e-05
47372 2667.57142857143 80.2857142857143 0.00145713093834225 8.20527074814079e-05 2.46953470811071e-06 1344 14852.1790522626 39770 1114.57142857143 0.00122329851848922 3.42834693819924e-05
51189 2857 84.2857142857143 0.00157453929753444 8.78794032517901e-05 2.59257202452904e-06 1444 16416.698786009 42627 1198.85714285714 0.00131117792174101 3.68760414065215e-05
54817 2983.71428571429 84.2857142857143 0.00168613414352586 9.17770496683279e-05 2.59257202452904e-06 1533 17554.9435842711 45610.7142857143 1283.14285714286 0.00140295497140934 3.94686134310505e-05
58526 3078.57142857143 82.2857142857143 0.00180022049517475 9.4694791743391e-05 2.53105336631987e-06 1627 18601.56226907 48689.2857142857 1365.42857142857 0.00149764976315273 4.19996667973704e-05
61847 3055.42857142857 84.2857142857143 0.00190237222713107 9.39829329841136e-05 2.59257202452904e-06 1714 19101.4508493162 51744.7142857143 1449.71428571429 0.00159163269613684 4.45922388218994e-05
65015 3211.57142857143 87.7142857142857 0.00199981778173438 9.87857825143004e-05 2.69803258145903e-06 1814 19372.526368168 54956.2857142857 1537.42857142857 0.00169041847865114 4.72902714033584e-05
67307 3054.14285714286 86.1428571428571 0.00207031816404209 9.39433852752648e-05 2.64969649286612e-06 1889 18726.4905958934 58010.4285714286 1623.57142857143 0.00178436186392641 4.99399678962246e-05
68822 3064.28571428571 88.1428571428571 0.00211691854763553 9.42553727561827e-05 2.71121515107528e-06 1961 17401.4325562614 61074.7142857143 1711.71428571429 0.00187861723668259 5.26511830472998e-05
72059 2981.42857142857 87.5714285714286 0.00221648649594706 9.17067426303745e-05 2.69363839158695e-06 2057 17999.3327110741 64056.1428571429 1799.28571428571 0.00197032397931296 5.53448214388868e-05
76306 3069.85714285714 90.8571428571429 0.00234712136665422 9.4426746161194e-05 2.79470475864486e-06 2169 19516.5553770707 67126 1890.14285714286 0.00206475072547416 5.81395261975316e-05
80604 3154 91.4285714285714 0.00247932496314571 9.70149239958509e-05 2.81228151813319e-06 2267 20854.6761770284 70280 1981.57142857143 0.00216176564947001 6.09518077156648e-05
84495 3235.42857142857 97 0.00259900951269164 9.95196122229383e-05 2.98365492314443e-06 2393 21582.8576853736 73515.4285714286 2078.57142857143 0.00226128526169295 6.39354626388093e-05
88541 3360.85714285714 101.285714285714 0.00272346175824878 0.000103377710930627 3.11548061930693e-06 2523 22355.6032454295 76876.2857142857 2179.85714285714 0.00236466297262357 6.70509432581162e-05
92273 3566.57142857143 108.428571428571 0.00283825557446707 0.000109705344346427 3.33519011291108e-06 2648 22697.1542767408 80442.8571428571 2288.28571428571 0.00247436831697 7.03861333710273e-05
94933 3730.14285714286 118.285714285714 0.00292007538988526 0.000114736691749962 3.63838921408482e-06 2789 21914.9057064422 84173 2406.57142857143 0.00258910500871996 7.40245225851121e-05
99483 3917.71428571429 122.428571428571 0.00306003033731111 0.000120506263052007 3.76582072037523e-06 2914 23141.2928906481 88090.7142857143 2529 0.00270961127177197 7.77903433054873e-05
104020 3959.14285714286 122.142857142857 0.0031995854134586 0.000121780578114911 3.75703234063106e-06 3024 24168.6862943125 92049.8571428571 2651.14285714286 0.00283139184988688 8.15473756461184e-05
108769 4023.57142857143 125.857142857143 0.00334566146737626 0.000123762357747221 3.87128127730522e-06 3148 25252.2652979963 96073.4285714286 2777 0.0029551542076341 8.54186569234236e-05
111698 3886.14285714286 121.571428571429 0.00343575554232358 0.000119535147090277 3.73945558114273e-06 3244 24351.5087981734 99959.5714285714 2898.57142857143 0.00307468935472438 8.91581125045663e-05
115754 3887.57142857143 121.428571428571 0.00356051538117176 0.000119579088988998 3.73506139127064e-06 3373 24714.3609558015 103847.142857143 3020 0.00319426844371338 9.2893173895837e-05
119959 3955.14285714286 115.428571428571 0.00368985836005653 0.000121657540798493 3.55050541664315e-06 3456 25171.1829847361 107802.285714286 3135.42857142857 0.00331592598451187 9.64436793124801e-05
123979 4149.42857142857 120 0.00381351086305694 0.000127633639024526 3.69111949254981e-06 3629 25373.723421943 111951.714285714 3255.42857142857 0.0034435596235364 0.00010013479880503
129751 4324 124.857142857143 0.00399105371064859 0.000133003339048212 3.84052194820064e-06 3788 27297.5465929278 116275.714285714 3380.28571428571 0.00357656296258461 0.000103975320753231
135905 4555 137 0.00418034662195819 0.00014010874407137 4.2140280873277e-06 3983 29311.6028983802 120830.714285714 3517.28571428571 0.00371667170665598 0.000108189348840558
141779 4715.71428571429 135.857142857143 0.0043610269211185 0.000145052207677464 4.17887456835104e-06 4099 30740.2075884709 125546.428571429 3653.14285714286 0.00386172391433344 0.000112368223408909
148285 5226.71428571429 140.857142857143 0.00456114711627291 0.000160770224849905 4.33267121387395e-06 4230 32584.150207536 130773.142857143 3794 0.00402249413918335 0.000116700894622783
155671 5702.42857142857 142.571428571429 0.00478833552103935 0.000175402877123942 4.38540149233895e-06 4371 35028.4406390713 136475.571428571 3936.57142857143 0.00419789701630729 0.000121086296115122
164476 6359.57142857143 150 0.00505917141380519 0.000195616150535524 4.61389936568727e-06 4506 38521.0301826998 142835.142857143 4086.57142857143 0.00439351316684281 0.000125700195480809
170039 6580 143.571428571429 0.00523028556161398 0.000202396385508148 4.41616082144353e-06 4634 38241.933880402 149415.142857143 4230.14285714286 0.00459590955235096 0.000130116356302253
170039 5755.42857142857 120.857142857143 0.00523028556161398 0.000177033121566484 3.71748463178231e-06 4634 32442.1653005952 155170.571428571 4351 0.00477294267391744 0.000133833840934035
178914 6144.14285714286 130.142857142857 0.00550327460741715 0.000188989712208423 4.00310697346771e-06 4894 36396.9891515611 161314.714285714 4481.14285714286 0.00496193238612587 0.000137836947907503
183198 5917 133.142857142857 0.00563504757330117 0.00018200295031181 4.09538496078146e-06 5031 35161.024739171 167231.714285714 4614.28571428571 0.00514393533643768 0.000141932332868285
187400 5587.85714285714 133.142857142857 0.00576429827419863 0.000171878736846531 4.09538496078146e-06 5162 34030.5065889693 172819.571428571 4747.42857142857 0.00531581407328421 0.000146027717829066
191758 5155.28571428571 132.857142857143 0.00589834743043639 0.000158573129913863 4.08659658103729e-06 5301 33227.4427294148 177974.857142857 4880.28571428571 0.00547438720319807 0.000150114314410103
196515 4577 137 0.00604466955898689 0.000140785449311671 4.2140280873277e-06 5465 32945.1714694394 182551.857142857 5017.28571428571 0.00561517265250974 0.000154328342497431
199696 4236.71428571429 133.857142857143 0.00614251498486856 0.000130318489036369 4.11735591014188e-06 5571 31129.7094457779 186788.571428571 5151.14285714286 0.00574549114154611 0.000158445698407573
203736 4813.85714285714 157.714285714286 0.00626678267445107 0.000148071016119585 4.85118561877976e-06 5738 30448.5802448651 191602.428571429 5308.85714285714 0.00589356215766569 0.000163296884026353
208823 4272.71428571429 144.142857142857 0.00642325538160608 0.000131425824884134 4.43373758093186e-06 5903 30917.751043126 195875.142857143 5453 0.00602498798254983 0.000167730621607284
214788 4512.85714285714 154 0.00660673477971491 0.000138812458059105 4.73693668210559e-06 6109 32193.7674363083 200388 5607 0.00616380044060893 0.00017246755828939
220749 4764.14285714286 163.714285714286 0.00679009114050732 0.0001465418380441 5.03574159340725e-06 6308 33272.263287155 205152.142857143 5770.71428571429 0.00631034227865303 0.000177503299882797
225132 4767.71428571429 171 0.00692490927997271 0.000146651692790902 5.25984527688348e-06 6498 32609.1945450406 209919.857142857 5941.71428571429 0.00645699397144394 0.000182763145159681
229736 4745.85714285714 174.714285714286 0.0070665252311702 0.000145979381740473 5.37409421355765e-06 6688 32267.6867543883 214665.714285714 6116.42857142857 0.00660297335318441 0.000188137239373238
232992 4756.57142857143 184.142857142857 0.00716667760673472 0.000146308945980879 5.66411074511513e-06 6860 30629.9720074713 219422.285714286 6300.57142857143 0.00674928229916529 0.000193801350118354
237156 4774.28571428571 188.285714285714 0.0072947594531262 0.000146853825525018 5.79154225140554e-06 7056 30148.6329457787 224196.571428571 6488.85714285714 0.0068961361246903 0.000199592892369759
240908 4583.57142857143 193.428571428571 0.00741016845592659 0.000140987582045787 5.94973308680053e-06 7257 29328.2937270065 228780.142857143 6682.28571428571 0.00703712370673609 0.00020554262545656
244388 4228.57142857143 193.142857142857 0.00751721092121053 0.00013006802021366 5.94094470705637e-06 7461 28360.3670873861 233008.714285714 6875.42857142857 0.00716719172694975 0.000211483570163616
247925 3882.28571428571 193.142857142857 0.00762600666825344 0.000119416503963731 5.94094470705637e-06 7660 27596.2361231515 236891 7068.57142857143 0.00728660823091348 0.000217424514870672
251338 3743.71428571429 194.714285714286 0.00773098825848738 0.00011515413978781 5.98928079564928e-06 7861 26823.9931987604 240634.714285714 7263.28571428571 0.00740176237070129 0.000223413795666322
254936 3600 193.857142857143 0.00784166032460566 0.000110733584776494 5.96291565641678e-06 8045 26353.8685734299 244234.714285714 7457.14285714286 0.00751249595547779 0.000229376711322738
254936 3134.85714285714 169.285714285714 0.00784166032460566 9.64261025529918e-05 5.20711499841849e-06 8045 22357.0430105138 247369.571428571 7626.42857142857 0.00760892205803078 0.000234583826321157
260810 3379.14285714286 192.571428571429 0.00802234062376597 0.000103940167234254 5.92336794756803e-06 8404 24840.3756871696 250748.714285714 7819 0.00771286222526503 0.000240507194268725
264689 3397.28571428571 189.857142857143 0.00814165606136265 0.000104498229348008 5.83987833999846e-06 8586 24952.0863322012 254146 8008.85714285714 0.00781736045461304 0.000246347072608723
268602 3459.14285714286 185.714285714286 0.00826201731614888 0.00010640091356262 5.71244683370805e-06 8761 25080.8549498994 257605.142857143 8194.57142857143 0.00792376136817566 0.000252059519442431
272364 3491.28571428571 182.714285714286 0.00837773391224031 0.000107389606283839 5.6201688463943e-06 8939 25039.0945295179 261096.428571429 8377.28571428571 0.0080311509744595 0.000257679688288826
275989 3521.57142857143 182 0.00848923648024442 0.000108321174536721 5.59819789703388e-06 9135 24866.6674910926 264618 8559.28571428571 0.00813947214899622 0.00026327788618586
279419 3497.57142857143 181.714285714286 0.00859474097907314 0.000107582950638211 5.58940951728972e-06 9317 24525.3907232811 268115.571428571 8741 0.00824705509963443 0.000268867295703149
282365 3918.42857142857 208.428571428571 0.00868535796261524 0.000120528234001368 6.41112302336926e-06 9504 23751.8719622995 272034 8949.42857142857 0.0083675833336358 0.000275278418726519
285213 3486.14285714286 181.857142857143 0.00877296053190508 0.000107231415448444 5.5938037071618e-06 9677 22997.664993652 275520.142857143 9131.28571428571 0.00847481474908424 0.00028087222243368
288477 3398.28571428571 182 0.00887335898210244 0.000104528988677113 5.59819789703388e-06 9860 22773.840992485 278918.428571429 9313.28571428571 0.00857934373776136 0.000286470420330714
292004 3343.14285714286 183.428571428571 0.0089818471358543 0.000102832831386489 5.64213979575472e-06 10045 22846.9621211181 282261.571428571 9496.71428571429 0.00868217656914785 0.000292112560126469
295599 3319.28571428571 183.857142857143 0.00909242692398527 0.000102099001677851 5.65532236537096e-06 10226 22976.993705334 285580.857142857 9680.57142857143 0.0087842755708257 0.00029776788249184
299080 3298.71428571429 182.428571428571 0.00919950014859832 0.000101466238336271 5.61138046665013e-06 10412 22973.3047100709 288879.571428571 9863 0.00888574180916197 0.00030337926295849
302718 3328.42857142857 181.714285714286 0.00931140258788079 0.000102380229829664 5.58940951728972e-06 10589 23127.1751875291 292208 10044.7142857143 0.00898812203899163 0.00030896867247578
305703 3334 181.142857142857 0.00940321918525796 0.000102551603234676 5.57183275780139e-06 10772 22604.7096808995 295542 10225.8571428571 0.00909067364222631 0.000314540505233581
309278 3437.85714285714 182.142857142857 0.00951318378680684 0.00010574617927168 5.60259208690597e-06 10952 22751.4812504821 298979.857142857 10408 0.00919641982149799 0.000320143097320487
312911 3490.57142857143 181.857142857143 0.00962493242944379 0.000107367635334479 5.5938037071618e-06 11133 22933.9934557675 302470.428571429 10589.8571428571 0.00930378745683247 0.000325736901027649
316448 3492 181.285714285714 0.0097337281764867 0.0001074115772332 5.57622694767347e-06 11314 22992.8258748539 305962.428571429 10771.1428571429 0.00941119903406567 0.000331313127975322
319646 3435.28571428571 182 0.00983209651096315 0.000105667083853983 5.59819789703388e-06 11500 22703.73577405 309397.714285714 10953.1428571429 0.00951686611791965 0.000336911325872356
322710 3375.71428571429 181.428571428571 0.00992634309533959 0.000103834706677324 5.58062113754555e-06 11682 22324.4890544051 312773.428571429 11134.5714285714 0.00962070082459697 0.000342491947009902
326326 3372.57142857143 183 0.0100375688293818 0.000103738034500138 5.62895722613847e-06 11870 22554.7588613948 316146 11317.5714285714 0.00972443885909711 0.00034812090423604
330123 3488.57142857143 183.142857142857 0.0101543620019919 0.00010730611667627 5.63335141601055e-06 12054 22931.105968198 319634.571428571 11500.7142857143 0.00983174497577338 0.000353754255652051
333867 3512.71428571429 182.428571428571 0.0102695249301594 0.000108048734764652 5.61138046665013e-06 12229 23197.3763034141 323147.285714286 11683.1428571429 0.00993979371053803 0.000359365636118701
337724 3544.71428571429 183.428571428571 0.0103881636625158 0.000109033033295998 5.64213979575472e-06 12417 23536.264101263 326692 11866.5714285714 0.010048826743834 0.000365007775914456
341586 3591.14285714286 185.857142857143 0.0105069561915177 0.000110461145004425 5.71684102358013e-06 12615 23828.7562032721 330283.142857143 12052.4285714286 0.0101592878888385 0.000370724616938036
345537 3698.71428571429 185.571428571429 0.0106284863008099 0.000113769969978104 5.70805264383596e-06 12799 24165.8889768963 333981.857142857 12238 0.0102730578588166 0.000376432669581872
349500 3827.14285714286 188 0.0107503855220513 0.000117720346673107 5.78275387166137e-06 12998 24463.8922215118 337809 12426 0.0103907782054897 0.000382215423453533
353590 3894.85714285714 188.142857142857 0.0108761911780891 0.000119803192672474 5.78714806153346e-06 13187 24843.7003183032 341703.857142857 12614.1428571429 0.0105105813981621 0.000388002571515067
357681 3936.85714285714 190 0.0110020275934559 0.000121095084494866 5.84427252987054e-06 13384 25166.9067500476 345640.714285714 12804.1428571429 0.010631676482657 0.000393846844044937
