# totalCases dailyCases dailyDeceased totalCasesNormalized dailyCasesNormalized dailyDeceasedNormalized totalDeceased Sick totalCasesAveraged totalDeathsAv
0 0 0 0 0 0 0 0 0 0 0 0
0 0 0 0 0 0 0 0 0 0 0 0
0 0 0 0 0 0 0 0 0 0 0 0
0 0 0 0 0 0 0 0 0 0 0 0
0 0 0 0 0 0 0 0 0 0 0 0
0 0 0 0 0 0 0 0 0 0 0 0
0 0 0 0 0 0 0 0 0 0 0 0
0 0 0 0 0 0 0 0 0 0 0 0
0 0 0 0 0 0 0 0 0 0 0 0
0 0 0 0 0 0 0 0 0 0 0 0
0 0 0 0 0 0 0 0 0 0 0 0
0 0 0 0 0 0 0 0 0 0 0 0
0 0 0 0 0 0 0 0 0 0 0 0
0 0 0 0 0 0 0 0 0 0 0 0
0 0 0 0 0 0 0 0 0 0 0 0
0 0 0 0 0 0 0 0 0 0 0 0
0 0 0 0 0 0 0 0 0 0 0 0
0 0 0 0 0 0 0 0 0 0 0 0
0 0 0 0 0 0 0 0 0 0 0 0
0 0 0 0 0 0 0 0 0 0 0 0
0 0 0 0 0 0 0 0 0 0 0 0
0 0 0 0 0 0 0 0 0 0 0 0
0 0 0 0 0 0 0 0 0 0 0 0
0 0 0 0 0 0 0 0 0 0 0 0
0 0 0 0 0 0 0 0 0 0 0 0
0 0 0 0 0 0 0 0 0 0 0 0
0 0 0 0 0 0 0 0 0 0 0 0
0 0 0 0 0 0 0 0 0 0 0 0
0 0 0 0 0 0 0 0 0 0 0 0
0 0 0 0 0 0 0 0 0 0 0 0
0 0 0 0 0 0 0 0 0 0 0 0
0 0 0 0 0 0 0 0 0 0 0 0
2 2 0 1.37106259956485e-08 1.37106259956485e-08 0 0 2 2 0 1.37106259956485e-08 0
2 0 0 1.37106259956485e-08 0 0 0 1.69668016277916 2 0 1.37106259956485e-08 0
2 0 0 1.37106259956485e-08 0 0 0 1.43936178738416 2 0 1.37106259956485e-08 0
2 0 0 1.37106259956485e-08 0 0 0 1.22106829585853 2 0 1.37106259956485e-08 0
2 0 0 1.37106259956485e-08 0 0 0 1.03588117749086 2 0 1.37106259956485e-08 0
2 0 0 1.37106259956485e-08 0 0 0 0.878779522422527 2 0 1.37106259956485e-08 0
2 0 0 1.37106259956485e-08 0 0 0 0.745503891575422 2 0 1.37106259956485e-08 0
2 0 0 1.37106259956485e-08 0 0 0 0.632440832055342 2 0 1.37106259956485e-08 0
2 0 0 1.37106259956485e-08 0 0 0 0.536524906939922 2 0 1.37106259956485e-08 0
2 0 0 1.37106259956485e-08 0 0 0 0.45515558322095 2 0 1.37106259956485e-08 0
2 0 0 1.37106259956485e-08 0 0 0 0.386126724514582 2 0 1.37106259956485e-08 0
2 0 0 1.37106259956485e-08 0 0 0 0.327566776901392 2 0 1.37106259956485e-08 0
2 0 0 1.37106259956485e-08 0 0 0 0.277888026177049 2 0 1.37106259956485e-08 0
2 0 0 1.37106259956485e-08 0 0 0 0.235743550744228 2 0 1.37106259956485e-08 0
2 0 0 1.37106259956485e-08 0 0 0 0.199990703025426 2 0 1.37106259956485e-08 0
2 0 0 1.37106259956485e-08 0 0 0 0.16966012928175 2 0 1.37106259956485e-08 0
2 0 0 1.37106259956485e-08 0 0 0 0.143929487883446 2 0 1.37106259956485e-08 0
2 0 0 1.37106259956485e-08 0 0 0 0.122101153465403 2 0 1.37106259956485e-08 0
2 0 0 1.37106259956485e-08 0 0 0 0.103583302468602 2 0 1.37106259956485e-08 0
2 0 0 1.37106259956485e-08 0 0 0 0.0878738672468148 2 0 1.37106259956485e-08 0
2 0 0 1.37106259956485e-08 0 0 0 0.07454692369218 2 0 1.37106259956485e-08 0
2 0 0 1.37106259956485e-08 0 0 0 0.0632411433123667 2 0 1.37106259956485e-08 0
2 0 0 1.37106259956485e-08 0 0 0 0.0536499966647833 2 0 1.37106259956485e-08 0
2 0 0 1.37106259956485e-08 0 0 0 0.0455134425371529 2 0 1.37106259956485e-08 0
2 0 0 1.37106259956485e-08 0 0 0 0.0386108775462882 2 0 1.37106259956485e-08 0
2 0 0 1.37106259956485e-08 0 0 0 0.0327551550001412 2 0 1.37106259956485e-08 0
2 0 0 1.37106259956485e-08 0 0 0 0.0277875108587481 2 0 1.37106259956485e-08 0
2 0 0 1.37106259956485e-08 0 0 0 0.0235732592235242 2 0 1.37106259956485e-08 0
2 0 0 1.37106259956485e-08 0 0 0 0.0199981406483022 2 0 1.37106259956485e-08 0
2 0 0 1.37106259956485e-08 0 0 0 0.0169652242652209 2 0 1.37106259956485e-08 0
2 0 0 1.37106259956485e-08 0 0 0 0.01439227973395 2 0 1.37106259956485e-08 0
3 1 0 2.05659389934728e-08 6.85531299782426e-09 0 0 1.01220954776088 3 0 2.05659389934728e-08 0
4 1 0 2.7421251991297e-08 6.85531299782426e-09 0 0 1.85869793013077 4 0 2.7421251991297e-08 0
4 0 0 2.7421251991297e-08 0 0 0 1.57680795332578 4 0 2.7421251991297e-08 0
4 0 0 2.7421251991297e-08 0 0 0 1.33766938746013 4 0 2.7421251991297e-08 0
10 6 0 6.85531299782426e-08 4.11318779869456e-08 0 0 7.13479855703028 10 0 6.85531299782426e-08 0
10 0 0 6.85531299782426e-08 0 0 0 6.05273558856932 10 0 6.85531299782426e-08 0
10 0 0 6.85531299782426e-08 0 0 0 5.1347782018365 10 0 6.85531299782426e-08 0
10 0 0 6.85531299782426e-08 0 0 0 4.35603815766341 10 0 6.85531299782426e-08 0
10 0 0 6.85531299782426e-08 0 0 0 3.69540176520829 10 0 6.85531299782426e-08 0
25 15 0 1.71382824945607e-07 1.02829694967364e-07 0 0 18.134957434264 25 0 1.71382824945607e-07 0
30 5 0 2.05659389934728e-07 3.42765649891213e-08 0 0 20.3846112657801 30 0 2.05659389934728e-07 0
45 15 0 3.08489084902092e-07 1.02829694967364e-07 0 0 32.2930827803068 45 0 3.08489084902092e-07 0
59 14 0 4.04463466871631e-07 9.59743819695397e-08 0 0 41.3955164741659 59 0 4.04463466871631e-07 0
63 4 0 4.31884718862928e-07 2.7421251991297e-08 0 0 39.1174758148576 63 0 4.31884718862928e-07 0
93 30 0 6.37544108797656e-07 2.05659389934728e-07 0 0 63.1849226165312 93 0 6.37544108797656e-07 0
114 21 0 7.81505681751966e-07 1.43961572954309e-07 0 0 74.6023023951023 114 0 7.81505681751966e-07 0
147 33 0 1.00773101068017e-06 2.26225328928201e-07 0 0 96.2881232857111 147 0 1.00773101068017e-06 0
199 52 0 1.36420728656703e-06 3.56476275886862e-07 0 0 133.68507434505 199 0 1.36420728656703e-06 0
253 54 0 1.73439418844954e-06 3.7018690188251e-07 0 0 167.410406850452 253 0 1.73439418844954e-06 0
306 53 0 2.09772577733422e-06 3.63331588884686e-07 0 0 195.020958172975 306 0 2.09772577733422e-06 0
438 132 0 3.00262709304703e-06 9.04901315712802e-07 0 0 297.444095529135 438 0 3.00262709304703e-06 0
438 0 0 3.00262709304703e-06 0 0 0 252.333748210036 438 0 3.00262709304703e-06 0
495 57 0 3.39337993392301e-06 3.90752840875983e-07 0 0 271.06483249384 495 0 3.39337993392301e-06 0
658 163 0 4.51079595256836e-06 1.11741601864535e-06 0 0 392.955162059677 658 0 4.51079595256836e-06 0
840 182 2 5.75846291817238e-06 1.24766696560402e-06 1.37106259956485e-08 2 515.359614164162 840 2 5.75846291817238e-06 1.37106259956485e-08
1036 196 2 7.10210426574593e-06 1.34364134757356e-06 1.37106259956485e-08 4 633.200217024927 1036 4 7.10210426574593e-06 2.7421251991297e-08
1264 228 1 8.66511562924987e-06 1.56301136350393e-06 6.85531299782426e-09 5 765.169123646826 1264 5 8.66511562924987e-06 3.42765649891213e-08
1534 270 3 1.05160501386624e-05 1.85093450941255e-06 2.05659389934728e-08 8 919.123636631341 1534 8 1.05160501386624e-05 5.48425039825941e-08
1836 302 2 1.25863546640053e-05 2.07030452534293e-06 1.37106259956485e-08 10 1081.72942070692 1836 10 1.25863546640053e-05 6.85531299782426e-08
2337 501 7 1.60208664759153e-05 3.43451181190995e-06 4.79871909847698e-08 17 1418.67442480401 2337 17 1.60208664759153e-05 1.16540320963012e-07
2777 440 7 1.9037204194958e-05 3.01633771904267e-06 4.79871909847698e-08 24 1643.51837700355 2777 24 1.9037204194958e-05 1.64527511947782e-07
3548 771 6 2.43226505162805e-05 5.28544632132251e-06 4.11318779869456e-08 30 2165.26251371246 3548 30 2.43226505162805e-05 2.05659389934728e-07
4149 601 4 2.84426936279729e-05 4.12004311169238e-06 2.7421251991297e-08 34 2437.87897711263 4149 34 2.84426936279729e-05 2.33080641926025e-07
4731 582 9 3.24324857927066e-05 3.98979216473372e-06 6.16978169804183e-08 43 2650.15044986168 4731 43 3.24324857927066e-05 2.94778458906443e-07
5389 658 2 3.69432817452749e-05 4.51079595256836e-06 1.37106259956485e-08 45 2906.22884833028 5389 45 3.69432817452749e-05 3.08489084902092e-07
6343 954 2 4.34832503451993e-05 6.53996859992434e-06 1.37106259956485e-08 47 3419.47041772926 6343 47 4.34832503451993e-05 3.2219971089774e-07
7497 1154 11 5.13942815446885e-05 7.9110311994892e-06 7.54084429760669e-08 58 4054.8738124857 7497 58 5.13942815446885e-05 3.97608153873807e-07
8672 1175 5 5.9449274317132e-05 8.05499277244351e-06 3.42765649891213e-08 63 4614.91198010859 8672 63 5.9449274317132e-05 4.31884718862928e-07
10131 1459 13 6.94511759809576e-05 1.00019016638256e-05 8.91190689717154e-08 76 5374.01480481107 10131 76 6.94511759809576e-05 5.21003787834644e-07
11917 1786 18 8.16947649950717e-05 1.22435890141141e-05 1.23395633960837e-07 94 6344.99215690223 11917 94 8.16947649950717e-05 6.44399421795481e-07
13584 1667 12 9.31225717624448e-05 1.1427806767373e-05 8.22637559738911e-08 106 7049.71116280268 13584 106 9.31225717624448e-05 7.26663177769372e-07
15770 2186 24 0.000108108285975689 1.49857142132438e-05 1.64527511947782e-07 130 8166.55254162505 15770 130 0.000108108285975689 8.91190689717154e-07
18328 2558 18 0.000125644176624123 1.75358906484345e-05 1.23395633960837e-07 148 9486.01384783447 18328 148 0.000125644176624123 1.01458632367799e-06
21102 2774 22 0.000144660814880088 1.90166382559645e-05 1.50816885952134e-07 170 10821.3657597346 21102 170 0.000144660814880088 1.16540320963012e-06
24490 3388 28 0.000167886615316716 2.32258004366286e-05 1.91948763939079e-07 198 12568.1983093596 24490 198 0.000167886615316716 1.3573519735692e-06
27938 3448 34 0.000191523734533214 2.3637119216498e-05 2.33080641926025e-07 232 14110.1063766825 27938 232 0.000191523734533214 1.59043261549523e-06
32008 4070 41 0.000219424858434359 2.79011239011447e-05 2.81067832910795e-07 273 16040.1687920105 32008 273 0.000219424858434359 1.87150044840602e-06
36793 4785 40 0.000252227531128948 3.28026726945891e-05 2.7421251991297e-07 313 18392.5180985168 36793 313 0.000252227531128948 2.14571296831899e-06
42853 6060 48 0.000293770727895763 4.1543196766815e-05 3.29055023895565e-07 361 21663.110300655 42853 361 0.000293770727895763 2.47476799221456e-06
47121 4268 44 0.000323029203770477 2.92584758747139e-05 3.01633771904267e-07 405 22645.6847556091 47121 405 0.000323029203770477 2.77640176411883e-06
52763 5642 51 0.000361706879704201 3.86776759337245e-05 3.49620962889037e-07 456 24853.2420486962 52763 456 0.000361706879704201 3.12602272700786e-06
57999 5236 57 0.000397601298560809 3.58944188566078e-05 3.90752840875983e-07 513 26320.0013823858 57999 513 0.000397601298560809 3.51677556788385e-06
62773 4774 42 0.000430328562812422 3.2727264251613e-05 2.87923145908619e-07 555 27102.3121149071 62773 555 0.000430328562812422 3.80469871379246e-06
68622 5849 60 0.000470425288536696 4.00967257242741e-05 4.11318779869456e-07 615 28840.977665406 68622 615 0.000470425288536696 4.21601749366192e-06
74588 5966 66 0.000511324085881716 4.08987973450195e-05 4.52450657856401e-07 681 30432.9573400256 74588 681 0.000511324085881716 4.66846815151832e-06
80949 6361 66 0.000554930731860876 4.36066459791601e-05 4.52450657856401e-07 747 32178.4975067629 80949 747 0.000554930731860876 5.12091880937472e-06
87147 6198 48 0.000597419961821391 4.24892299605148e-05 3.29055023895565e-07 795 33496.3091938816 87147 795 0.000597419961821391 5.44997383327029e-06
93558 6411 72 0.000641369373450442 4.39494116290513e-05 4.93582535843347e-07 867 34827.2616677881 93558 867 0.000641369373450442 5.94355636911363e-06
99399 5841 105 0.000681411256670734 4.00418832202915e-05 7.19807864771547e-07 972 35386.3619978275 99399 972 0.000681411256670734 6.66336423388518e-06
106498 7099 101 0.000730077123642288 4.86658669715544e-05 6.9238661278025e-07 1073 37118.6692173181 106498 1073 0.000730077123642288 7.35575084666543e-06
114431 7933 96 0.000784460321654028 5.43831980117399e-05 6.58110047791129e-07 1169 39422.2548648925 114431 1169 0.000784460321654028 8.01386089445656e-06
124054 9623 53 0.000850428998632091 6.59686769780629e-05 3.63331588884686e-07 1222 43066.4789006437 124054 1222 0.000850428998632091 8.37719248334125e-06
134687 10633 58 0.000923321541737956 7.28925431058654e-05 3.97608153873807e-07 1280 47168.0202157346 134687 1280 0.000923321541737956 8.77480063721505e-06
145268 10581 76 0.000995857608567935 7.25360668299785e-05 5.21003787834644e-07 1356 50595.5221088017 145268 1356 0.000995857608567935 9.2958044250497e-06
155370 10102 95 0.00106510998047196 6.92523719040207e-05 6.51254734793305e-07 1451 53024.2093437291 155370 1451 0.00106510998047196 9.947059159843e-06
165929 10559 86 0.00113749523041598 7.23852499440264e-05 5.89556917812886e-07 1537 55541.5620702772 165929 1537 0.00113749523041598 1.05366160776559e-05
177160 11231 88 0.00121448725069455 7.69920202785643e-05 6.03267543808535e-07 1625 58349.1332872033 177160 1625 0.00121448725069455 1.11398836214644e-05
187859 10699 98 0.00128783224445827 7.33449937637218e-05 6.71820673786778e-07 1723 60198.9084818775 187859 1723 0.00128783224445827 1.18117042952512e-05
198676 10817 104 0.00136198616515573 7.4153920697465e-05 7.12952551773723e-07 1827 61886.1469210798 198676 1827 0.00136198616515573 1.25246568470249e-05
209688 11012 88 0.00143747687188777 7.54907067320408e-05 6.03267543808535e-07 1915 63512.4989159163 209688 1915 0.00143747687188777 1.31279243908335e-05
221344 11656 94 0.00151738240019041 7.99055283026396e-05 6.44399421795481e-07 2009 65536.198499584 221344 2009 0.00151738240019041 1.37723238126289e-05
232243 10899 107 0.0015920984565537 7.47160563632866e-05 7.33518490767196e-07 2116 66495.9839691007 232243 2116 0.0015920984565537 1.45058423033961e-05
242271 10028 96 0.00166084353529588 6.87450787421817e-05 6.58110047791129e-07 2212 66439.2084524271 242271 2212 0.00166084353529588 1.51639523511873e-05
252245 9974 93 0.00172921842713618 6.83748918402992e-05 6.37544108797656e-07 2305 66337.0435059912 252245 2305 0.00172921842713618 1.58014964599849e-05
262843 10598 113 0.00180187103428712 7.26526071509415e-05 7.74650368754141e-07 2418 66874.3728870167 262843 2418 0.00180187103428712 1.65761468287391e-05
272043 9200 119 0.00186493991386711 6.30688795799832e-05 8.15782246741087e-07 2537 65932.2109378488 272043 2537 0.00186493991386711 1.73919290754802e-05
281752 9709 94 0.00193149814776298 6.65582338958758e-05 6.44399421795481e-07 2631 65641.9371932096 281752 2631 0.00193149814776298 1.80363284972756e-05
290678 8926 91 0.00199268867158156 6.11905238185793e-05 6.23833482802008e-07 2722 64612.6863410571 290678 2722 0.00199268867158156 1.86601619800776e-05
299941 9263 115 0.00205618943588041 6.35007642988461e-05 7.8836099474979e-07 2837 64076.5315893717 299941 2837 0.00205618943588041 1.94485229748274e-05
308705 8764 135 0.00211626939899334 6.00799631129318e-05 9.25467254706275e-07 2972 63122.6900236896 308705 2972 0.00211626939899334 2.03739902295337e-05
317554 8849 127 0.00217693206371109 6.06626647177469e-05 8.70624750723681e-07 3099 62398.507992226 317554 3099 0.00217693206371109 2.12446149802574e-05
326448 8894 150 0.00223790321751373 6.0971153802649e-05 1.02829694967364e-06 3249 61829.1553487133 326448 3249 0.00223790321751373 2.2272911929931e-05
335882 9434 139 0.00230257624033521 6.46730228214741e-05 9.52888506697572e-07 3388 61886.1506807764 335882 3388 0.00230257624033521 2.32258004366286e-05
344481 8599 153 0.0023615250768035 5.89488364682908e-05 1.04886288866711e-06 3541 61099.5021054176 344481 3541 0.0023615250768035 2.42746633252957e-05
353427 8946 92 0.00242285270688204 6.13276300785358e-05 6.30688795799832e-07 3633 60779.1565889728 353427 3633 0.00242285270688204 2.49053521210955e-05
362342 8915 174 0.00248396782225764 6.11151153756033e-05 1.19282446162142e-06 3807 60476.3946474791 362342 3807 0.00248396782225764 2.6098176582717e-05
370680 8338 161 0.0025411274220335 5.71595997758587e-05 1.10370539264971e-06 3968 59642.5495573908 370680 3968 0.0025411274220335 2.72018819753667e-05
379051 8371 174 0.00259851324713828 5.73858251047869e-05 1.19282446162142e-06 4142 58968.1653457989 379051 4142 0.00259851324713828 2.83947064369881e-05
387623 8572 232 0.00265727699015563 5.87637430173496e-05 1.59043261549523e-06 4374 58597.0581888492 387623 4374 0.00265727699015563 2.99851390524833e-05
396575 8952 181 0.00271864575211216 6.13687619565228e-05 1.24081165260619e-06 4555 58662.2331131183 396575 4555 0.00271864575211216 3.12259507050895e-05
405843 9268 138 0.00278218079297599 6.35350408638352e-05 9.46033193699748e-07 4693 59033.5236136772 405843 4693 0.00278218079297599 3.21719838987893e-05
414878 9035 162 0.00284411854591133 6.19377529353422e-05 1.11056070564753e-06 4855 59115.5042271406 414878 4855 0.00284411854591133 3.32825446044368e-05
423741 8863 182 0.00290487718501105 6.07586390997164e-05 1.24766696560402e-06 5037 59013.0516674385 423741 5037 0.00290487718501105 3.45302115700408e-05
432277 8536 178 0.00296339413676048 5.85169517494279e-05 1.22024571361272e-06 5215 58599.1370546022 432277 5215 0.00296339413676048 3.57504572836535e-05
441108 8831 169 0.00302393340584426 6.0539269083786e-05 1.1585478966323e-06 5384 58542.9966982604 441108 5384 0.00302393340584426 3.69090051802858e-05
449834 8726 144 0.00308375286706328 5.98194612190145e-05 9.87165071686694e-07 5528 58390.3705837921 449834 5528 0.00308375286706328 3.78961702519725e-05
458689 8855 197 0.00314445666365901 6.07037965957338e-05 1.35049666057138e-06 5725 58389.8917334219 458689 5725 0.00314445666365901 3.92466669125439e-05
467673 8984 134 0.00320604479563147 6.15881319724532e-05 9.18611941708451e-07 5859 58518.4855054598 467673 5859 0.00320604479563147 4.01652788542523e-05
476658 8985 112 0.00326763978291692 6.1594987285451e-05 7.67795055756317e-07 5971 58628.5767564967 476658 5971 0.00326763978291692 4.09330739100087e-05
485253 8595 170 0.00332656119813322 5.89214152162995e-05 1.16540320963012e-06 6141 58331.9715773616 485253 6141 0.00332656119813322 4.20984771196388e-05
493657 8404 217 0.00338417324856693 5.76120504337151e-05 1.48760292052786e-06 6358 57889.3495155536 493657 6358 0.00338417324856693 4.35860800401667e-05
502436 8779 174 0.00344435604137483 6.01827928078992e-05 1.19282446162142e-06 6532 57888.8554796145 502436 6532 0.00344435604137483 4.47789045017881e-05
511423 8987 183 0.00350596473928628 6.16086979114466e-05 1.25452227860184e-06 6715 58096.4363691258 511423 6715 0.00350596473928628 4.60334267803899e-05
520129 8706 114 0.00356564709424533 5.9682354959058e-05 7.81505681751966e-07 6829 57991.5355578287 520129 6829 0.00356564709424533 4.68149324621419e-05
528964 8835 119 0.00362621378458111 6.05666903357773e-05 8.15782246741087e-07 6948 58031.5439950351 528964 6948 0.00362621378458111 4.7630714708883e-05
537210 8246 143 0.00368274269556117 5.65289109800589e-05 9.80309758688869e-07 7091 57476.484755911 537210 7091 0.00368274269556117 4.86110244675718e-05
545458 8248 193 0.00373928531716723 5.65426216060545e-05 1.32307540858008e-06 7284 57007.6057558165 545458 7284 0.00373928531716723 4.99340998761519e-05
553301 7843 194 0.00379305153700916 5.37662198419357e-05 1.32993072157791e-06 7478 56204.8369067144 553301 7478 0.00379305153700916 5.12640305977298e-05
561091 7790 312 0.00384645442526221 5.3402888253051e-05 2.13885765532117e-06 7790 55470.8159159301 561091 7790 0.00384645442526221 5.3402888253051e-05
569063 7972 182 0.00390110498048087 5.4650555218655e-05 1.24766696560402e-06 7972 55030.1164888665 569063 7972 0.00390110498048087 5.4650555218655e-05
576952 7889 30 0.0039551865447207 5.40815642398356e-05 2.05659389934728e-07 8002 54573.2535010431 576952 8002 0.0039551865447207 5.48562146085897e-05
584680 7728 109 0.00400816440356789 5.29778588471859e-05 7.47229116762844e-07 8111 54024.678316769 584680 8111 0.00400816440356789 5.56034437253526e-05
592280 7600 95 0.00406026478235135 5.21003787834644e-05 6.51254734793305e-07 8206 53431.3000002937 592280 8206 0.00406026478235135 5.62546984601459e-05
599705 7425 153 0.0041111654813602 5.09006990088451e-05 1.04886288866711e-06 8359 52752.9133910002 599705 8359 0.0041111654813602 5.7303561348813e-05
606881 7176 154 0.00416035920743259 4.91937260723869e-05 1.05571820166494e-06 8513 51928.4108396585 606881 8513 0.00416035920743259 5.83592795504779e-05
613994 7113 92 0.00420912104878611 4.8761841353524e-05 6.30688795799832e-07 8605 51165.9522781474 613994 8605 0.00420912104878611 5.89899683462778e-05
620794 6800 176 0.00425573717717131 4.6616128385205e-05 1.20653508761707e-06 8781 50206.1281200189 620794 8781 0.00425573717717131 6.01965034338948e-05
627646 6852 188 0.00430270978183241 4.69726046610918e-05 1.28879884359096e-06 8969 49443.8708155925 627646 8969 0.00430270978183241 6.14853022774858e-05
634437 6791 104 0.00434926421240063 4.65544305682246e-05 7.12952551773723e-07 9073 48736.2173919156 634437 9073 0.00434926421240063 6.21982548292595e-05
641156 6719 93 0.00439532506043301 4.60608480323812e-05 6.37544108797656e-07 9166 48063.8866288779 641156 9166 0.00439532506043301 6.28357989380572e-05
647849 6693 154 0.00444120767032745 4.58826098944378e-05 1.05571820166494e-06 9320 47467.5214946418 647849 9320 0.00444120767032745 6.38915171397221e-05
654405 6556 216 0.00448615110234119 4.49434320137359e-05 1.48074760753004e-06 9536 46824.601048126 654405 9536 0.00448615110234119 6.53722647472522e-05
661165 6760 147 0.00453249301820648 4.6341915865292e-05 1.00773101068017e-06 9683 46483.1858642018 661165 9683 0.00453249301820648 6.63799957579323e-05
667883 6718 176 0.00457854701092586 4.60539927193834e-05 1.20653508761707e-06 9859 46151.5496792839 667883 9859 0.00457854701092586 6.75865308455494e-05
674515 6632 168 0.00462401144672743 4.54644358015705e-05 1.15169258363448e-06 10027 45784.2094111789 674515 10027 0.00462401144672743 6.87382234291839e-05
681251 6736 134 0.00467018883508078 4.61773883533442e-05 9.18611941708451e-07 10161 45576.5799382371 681251 10161 0.00467018883508078 6.96568353708923e-05
687862 6611 135 0.00471550930930939 4.53204742286162e-05 9.25467254706275e-07 10296 45275.4395342627 687862 10296 0.00471550930930939 7.05823026255986e-05
694230 6368 198 0.00475916394247954 4.36546331701449e-05 1.3573519735692e-06 10494 44776.9700594454 694230 10494 0.00475916394247954 7.19396545991678e-05
700792 6562 173 0.00480414850637126 4.49845638917228e-05 1.1859691486236e-06 10667 44548.0984246087 700792 10667 0.00480414850637126 7.31256237477914e-05
707301 6509 176 0.0048487697386741 4.46212323028381e-05 1.20653508761707e-06 10843 44300.9374432835 707301 10843 0.0048487697386741 7.43321588354085e-05
713936 6635 174 0.00489425474041466 4.5485001740564e-05 1.19282446162142e-06 11017 44217.2608762698 713936 11017 0.00489425474041466 7.55249832970299e-05
720547 6611 188 0.00493957521464328 4.53204742286162e-05 1.28879884359096e-06 11205 44122.274690599 720547 11205 0.00493957521464328 7.68137821406208e-05
727162 6615 130 0.00498492311012389 4.53478954806075e-05 8.91190689717154e-07 11335 44045.6941021161 727162 11335 0.00498492311012389 7.7704972830338e-05
733699 6537 104 0.00502973629119066 4.48131810667772e-05 7.12952551773723e-07 11439 43902.7277194497 733699 11439 0.00502973629119066 7.84179253821117e-05
739947 6248 175 0.00507256828680107 4.2831995610406e-05 1.19967977461925e-06 11614 43492.4436067425 739947 11614 0.00507256828680107 7.9617605156731e-05
746369 6422 156 0.0051165931068731 4.40248200720274e-05 1.06942882766058e-06 11770 43318.3831491756 746369 11770 0.0051165931068731 8.06870339843915e-05
752797 6428 167 0.00516065905882311 4.40659519500143e-05 1.14483727063665e-06 11937 43176.7206864366 752797 11937 0.00516065905882311 8.18318712550282e-05
765437 12640 310 0.00524731021511561 8.66511562924987e-05 2.12514702932552e-06 12247 49268.5427412668 765437 12247 0.00524731021511561 8.39570182843537e-05
771546 6109 95 0.00528918932221932 4.18791071037084e-05 6.51254734793305e-07 12342 47905.4795590722 771546 12342 0.00528918932221932 8.4608273019147e-05
771546 0 0 0.00528918932221932 0 0 12342 40640.1384281502 771546 12342 0.00528918932221932 8.4608273019147e-05
777486 5940 85 0.00532990988142639 4.07205592070761e-05 5.82701604815062e-07 12427 40416.6583418207 777486 12427 0.00532990988142639 8.51909746239621e-05
783328 5842 153 0.00536995861995968 4.00487385332893e-05 1.04886288866711e-06 12580 40129.071227195 783328 12580 0.00536995861995968 8.62398375126292e-05
789190 5862 165 0.00541014446475293 4.01858447932458e-05 1.131126644641e-06 12745 39905.0995509668 789190 12745 0.00541014446475293 8.73709641572702e-05
795038 5848 147 0.0054502343351642 4.00898704112763e-05 1.00773101068017e-06 12892 39701.0954009265 795038 12892 0.0054502343351642 8.83786951679504e-05
800849 5811 154 0.00549007055899456 3.98362238303568e-05 1.05571820166494e-06 13046 39491.0305036774 800849 13046 0.00549007055899456 8.94344133696153e-05
806720 5871 146 0.00553031810160479 4.02475426102262e-05 1.00087569768234e-06 13192 39372.8240316481 806720 13192 0.00553031810160479 9.04352890672976e-05
812485 5765 77 0.00556983898103724 3.95208794324569e-05 5.27859100832468e-07 13269 39166.5447435459 812485 13269 0.00556983898103724 9.09631481681301e-05
818120 5635 85 0.00560846866977998 3.86296887427397e-05 5.82701604815062e-07 13354 38861.5497554883 818120 13354 0.00560846866977998 9.15458497729452e-05
