# totalCases dailyCases dailyDeceased totalCasesNormalized dailyCasesNormalized dailyDeceasedNormalized totalDeceased Sick totalCasesAveraged totalDeathsAv
0 0 0 0 0 0 0 0 0 0 0 0
0 0 0 0 0 0 0 0 0 0 0 0
0 0 0 0 0 0 0 0 0 0 0 0
0 0 0 0 0 0 0 0 0 0 0 0
0 0 0 0 0 0 0 0 0 0 0 0
0 0 0 0 0 0 0 0 0 0 0 0
0 0 0 0 0 0 0 0 0 0 0 0
0 0 0 0 0 0 0 0 0 0 0 0
0 0 0 0 0 0 0 0 0 0 0 0
0 0 0 0 0 0 0 0 0 0 0 0
0 0 0 0 0 0 0 0 0 0 0 0
0 0 0 0 0 0 0 0 0 0 0 0
0 0 0 0 0 0 0 0 0 0 0 0
0 0 0 0 0 0 0 0 0 0 0 0
0 0 0 0 0 0 0 0 0 0 0 0
0 0 0 0 0 0 0 0 0 0 0 0
0 0 0 0 0 0 0 0 0 0 0 0
0 0 0 0 0 0 0 0 0 0 0 0
0 0 0 0 0 0 0 0 0 0 0 0
0 0 0 0 0 0 0 0 0 0 0 0
0 0 0 0 0 0 0 0 0 0 0 0
0 0 0 0 0 0 0 0 0 0 0 0
0 0 0 0 0 0 0 0 0 0 0 0
0 0 0 0 0 0 0 0 0 0 0 0
0 0 0 0 0 0 0 0 0 0 0 0
0 0 0 0 0 0 0 0 0 0 0 0
0 0 0 0 0 0 0 0 0 0 0 0
0 0 0 0 0 0 0 0 0 0 0 0
0 0 0 0 0 0 0 0 0 0 0 0
0 0 0 0 0 0 0 0 0 0 0 0
0 0 0 0 0 0 0 0 0 0 0 0
0 0 0 0 0 0 0 0 0 0 0 0
1 1 0 9.77499429384708e-08 9.77499429384708e-08 0 0 1 1 0 9.77499429384708e-08 0
1 0 0 9.77499429384708e-08 0 0 0 0.848340081389579 1 0 9.77499429384708e-08 0
1 0 0 9.77499429384708e-08 0 0 0 0.719680893692078 1 0 9.77499429384708e-08 0
1 0 0 9.77499429384708e-08 0 0 0 0.610534147929263 1 0 9.77499429384708e-08 0
1 0 0 9.77499429384708e-08 0 0 0 0.517940588745428 1 0 9.77499429384708e-08 0
1 0 0 9.77499429384708e-08 0 0 0 0.439389761211263 1 0 9.77499429384708e-08 0
1 0 0 9.77499429384708e-08 0 0 0 0.372751945787711 1 0 9.77499429384708e-08 0
1 0 0 9.77499429384708e-08 0 0 0 0.316220416027671 1 0 9.77499429384708e-08 0
1 0 0 9.77499429384708e-08 0 0 0 0.268262453469961 1 0 9.77499429384708e-08 0
1 0 0 9.77499429384708e-08 0 0 0 0.227577791610475 1 0 9.77499429384708e-08 0
1 0 0 9.77499429384708e-08 0 0 0 0.193063362257291 1 0 9.77499429384708e-08 0
1 0 0 9.77499429384708e-08 0 0 0 0.163783388450696 1 0 9.77499429384708e-08 0
1 0 0 9.77499429384708e-08 0 0 0 0.138944013088525 1 0 9.77499429384708e-08 0
1 0 0 9.77499429384708e-08 0 0 0 0.117871775372114 1 0 9.77499429384708e-08 0
1 0 0 9.77499429384708e-08 0 0 0 0.0999953515127132 1 0 9.77499429384708e-08 0
1 0 0 9.77499429384708e-08 0 0 0 0.0848300646408748 1 0 9.77499429384708e-08 0
1 0 0 9.77499429384708e-08 0 0 0 0.071964743941723 1 0 9.77499429384708e-08 0
1 0 0 9.77499429384708e-08 0 0 0 0.0610505767327015 1 0 9.77499429384708e-08 0
1 0 0 9.77499429384708e-08 0 0 0 0.0517916512343008 1 0 9.77499429384708e-08 0
1 0 0 9.77499429384708e-08 0 0 0 0.0439369336234074 1 0 9.77499429384708e-08 0
1 0 0 9.77499429384708e-08 0 0 0 0.03727346184609 1 0 9.77499429384708e-08 0
1 0 0 9.77499429384708e-08 0 0 0 0.0316205716561834 1 0 9.77499429384708e-08 0
1 0 0 9.77499429384708e-08 0 0 0 0.0268249983323916 1 0 9.77499429384708e-08 0
1 0 0 9.77499429384708e-08 0 0 0 0.0227567212685764 1 0 9.77499429384708e-08 0
1 0 0 9.77499429384708e-08 0 0 0 0.0193054387731441 1 0 9.77499429384708e-08 0
1 0 0 9.77499429384708e-08 0 0 0 0.0163775775000706 1 0 9.77499429384708e-08 0
2 1 0 1.95499885876942e-07 9.77499429384708e-08 0 0 1.01389375542937 2 0 1.95499885876942e-07 0
7 5 0 6.84249600569296e-07 4.88749714692354e-07 0 0 5.86012671100134 7 0 6.84249600569296e-07 0
12 5 0 1.17299931526165e-06 4.88749714692354e-07 0 0 9.97138037096413 12 0 1.17299931526165e-06 0
13 1 0 1.27074925820012e-06 9.77499429384708e-08 0 0 9.45912163547016 13 0 1.27074925820012e-06 0
14 1 0 1.36849920113859e-06 9.77499429384708e-08 0 0 9.02455201810869 14 0 1.36849920113859e-06 0
15 1 0 1.46624914407706e-06 9.77499429384708e-08 0 0 8.65588919354682 15 0 1.46624914407706e-06 0
24 9 0 2.3459986305233e-06 8.79749486446237e-07 0 0 16.3431377429527 24 0 2.3459986305233e-06 0
35 11 0 3.42124800284648e-06 1.07524937232318e-06 0 0 24.8645388030176 35 0 3.42124800284648e-06 0
61 26 0 5.96274651924672e-06 2.54149851640024e-06 0 0 47.0935848718663 61 0 5.96274651924672e-06 0
137 76 0 1.33917421825705e-05 7.42899566332378e-06 0 0 115.951375623126 137 0 1.33917421825705e-05 0
161 24 0 1.57377408130938e-05 2.3459986305233e-06 0 0 122.366199433357 161 0 1.57377408130938e-05 0
203 42 0 1.98432384165096e-05 4.10549760341577e-06 0 0 145.808151586627 203 0 1.98432384165096e-05 0
248 45 0 2.42419858487408e-05 4.39874743223119e-06 0 0 168.694899184263 248 0 2.42419858487408e-05 0
326 78 0 3.18664813979415e-05 7.62449554920072e-06 0 0 221.110644503985 326 0 3.18664813979415e-05 0
462 136 1 4.51604736375735e-05 1.3293992239632e-05 9.77499429384708e-08 1 323.577022154613 462 1 4.51604736375735e-05 9.77499429384708e-08
620 158 0 6.06049646218519e-05 1.54444909842784e-05 0 1 432.503357310442 620 1 6.06049646218519e-05 9.77499429384708e-08
775 155 0 7.57562057773149e-05 1.5151241155463e-05 0 1 521.909933342007 775 1 7.57562057773149e-05 9.77499429384708e-08
924 149 0 9.0320947275147e-05 1.45647414978322e-05 0 1 591.757115329388 924 1 9.0320947275147e-05 9.77499429384708e-08
1032 108 2 0.000100877941112502 1.05569938373548e-05 1.95499885876942e-07 3 610.011279381396 1032 3 0.000100877941112502 2.93249828815412e-07
1121 89 4 0.000109577686034026 8.6997449215239e-06 3.90999771753883e-07 7 606.497018398975 1121 7 0.000109577686034026 6.84249600569296e-07
1167 46 1 0.000114074183409195 4.49649737516966e-06 9.77499429384708e-08 8 560.515729951123 1167 8 0.000114074183409195 7.81999543507767e-07
1301 134 2 0.000127172675762951 1.30984923537551e-05 1.95499885876942e-07 10 609.507959966876 1301 10 0.000127172675762951 9.77499429384708e-07
1423 122 0 0.000139098168801444 1.19254930384934e-05 0 10 639.070032365896 1423 10 0.000139098168801444 9.77499429384708e-07
1623 200 6 0.000158648157389138 1.95499885876942e-05 5.86499657630825e-07 16 742.148723270925 1623 16 0.000158648157389138 1.56399908701553e-06
1746 123 4 0.00017067140037057 1.20232429814319e-05 3.90999771753883e-07 20 752.594508302829 1746 20 0.00017067140037057 1.95499885876942e-06
1906 160 1 0.000186311391240725 1.56399908701553e-05 9.77499429384708e-08 21 798.456086426973 1906 21 0.000186311391240725 2.05274880170789e-06
2016 110 4 0.000197063884963957 1.07524937232318e-05 3.90999771753883e-07 25 787.362301345463 2016 25 0.000197063884963957 2.44374857346177e-06
2272 256 11 0.000222087870356206 2.50239853922485e-05 1.07524937232318e-06 36 923.950998806497 2272 36 0.000222087870356206 3.51899794578495e-06
2510 238 6 0.000245352356775562 2.32644864193561e-05 5.86499657630825e-07 42 1021.82466552749 2510 42 0.000245352356775562 4.10549760341577e-06
2806 296 24 0.000274286339885349 2.89339831097874e-05 2.3459986305233e-06 66 1162.85481991947 2806 66 0.000274286339885349 6.45149623393907e-06
3046 240 26 0.000297746326190582 2.3459986305233e-05 2.54149851640024e-06 92 1226.49635257475 3046 92 0.000297746326190582 8.99299475033931e-06
3447 401 10 0.000336944053308909 3.91977271183268e-05 9.77499429384708e-07 102 1441.48601556728 3447 102 0.000336944053308909 9.97049417972402e-06
3700 253 8 0.000361674788872342 2.47307355634331e-05 7.81999543507767e-07 110 1475.87036376829 3700 110 0.000361674788872342 1.07524937232318e-05
4028 328 36 0.00039373677015616 3.20619812838184e-05 3.51899794578495e-06 146 1580.03998451966 4028 146 0.00039373677015616 1.42714916690167e-05
4435 407 34 0.000433520996932118 3.97842267759576e-05 3.32349805990801e-06 180 1747.4112490662 4435 180 0.000433520996932118 1.75949897289247e-05
4947 512 59 0.000483568967716615 5.00479707844971e-05 5.76724663336978e-06 239 1994.39900125388 4947 239 0.000483568967716615 2.33622363622945e-05
5466 519 43 0.000534301188101681 5.07322203850664e-05 4.20324754635424e-06 282 2210.92861104702 5466 282 0.000534301188101681 2.75654839086488e-05
6078 612 51 0.000594124153180026 5.98229650783441e-05 4.98524708986201e-06 333 2487.61935784218 6078 333 0.000594124153180026 3.25507309985108e-05
6443 365 40 0.000629802882352567 3.56787291725418e-05 3.90999771753883e-06 373 2475.34720849812 6443 373 0.000629802882352567 3.64607287160496e-05
6830 387 28 0.000667632110269756 3.78292279171882e-05 2.73699840227718e-06 401 2486.93625232477 6830 401 0.000667632110269756 3.91977271183268e-05
7206 376 76 0.000704386088814621 3.6753978544865e-05 7.42899566332378e-06 477 2485.76770270789 7206 477 0.000704386088814621 4.66267227816506e-05
7693 487 114 0.000751990311025656 4.76042222110353e-05 1.11434934949857e-05 591 2595.7763752308 7693 591 0.000751990311025656 5.77702162766362e-05
8419 726 96 0.000822956769598986 7.09664585733298e-05 9.3839945220932e-06 687 2928.10114143244 8419 687 0.000822956769598986 6.71542107987295e-05
9141 722 106 0.000893532228400562 7.05754588015759e-05 1.03614939514779e-05 793 3206.02556063972 9141 793 0.000893532228400562 7.75157047502073e-05
9685 544 77 0.00094670819735909 5.31759689585281e-05 7.52674560626225e-06 870 3263.79998505017 9685 870 0.00094670819735909 8.50424503564696e-05
10151 466 17 0.000992259670768417 4.55514734093274e-05 1.661749029954e-06 887 3234.81234495677 10151 887 0.000992259670768417 8.67041993864236e-05
10483 332 12 0.00102471265182399 3.24529810555723e-05 1.17299931526165e-06 899 3076.22096800064 10483 899 0.00102471265182399 8.78771987016853e-05
10948 465 20 0.00107016637529038 4.54537234663889e-05 1.95499885876942e-06 919 3074.681546366 10948 919 0.00107016637529038 8.98321975604547e-05
11445 497 114 0.0011187480969308 4.858172164042e-05 1.11434934949857e-05 1033 3105.37559329117 11445 1033 0.0011187480969308 0.00010097569105544
11927 482 170 0.00116586356942714 4.71154724963429e-05 1.661749029954e-05 1203 3116.41458355784 11927 1203 0.00116586356942714 0.00011759318135498
12540 613 130 0.00122578428444842 5.99207150212826e-05 1.27074925820012e-05 1333 3256.77940145913 12540 1333 0.00122578428444842 0.000130300673936982
13216 676 67 0.00129186324587483 6.60789614264063e-05 6.54924617687754e-06 1400 3438.85650250175 13216 1400 0.00129186324587483 0.000136849920113859
13822 606 111 0.00135109971129554 5.92364654207133e-05 1.08502436661703e-05 1511 3523.31980521941 13822 1511 0.00135109971129554 0.000147700163780029
14385 563 29 0.0014061329291699 5.50332178743591e-05 2.83474834521565e-06 1540 3551.97341032136 14385 1540 0.0014061329291699 0.000150534912125245
14777 392 40 0.00144445090680178 3.83179776318806e-05 3.90999771753883e-06 1580 3405.28141200564 14777 1580 0.00144445090680178 0.000154444909842784
15322 545 185 0.00149772462570325 5.32737189014666e-05 1.80837394436171e-05 1765 3433.83671021529 15322 1765 0.00149772462570325 0.000172528649286401
16004 682 172 0.00156439008678729 6.66654610840371e-05 1.6812990185417e-05 1937 3595.06131422256 16004 1937 0.00156439008678729 0.000189341639471818
16755 751 84 0.00163780029393408 7.34102071467916e-05 8.21099520683155e-06 2021 3800.8346079081 16755 2021 0.00163780029393408 0.00019755263467865
17567 812 131 0.00171717324760012 7.93729536660383e-05 1.28052425249397e-05 2152 4036.40034062108 17567 2152 0.00171717324760012 0.000210357877203589
18177 610 40 0.00177680071279258 5.96274651924672e-05 3.90999771753883e-06 2192 4034.24019348342 18177 2192 0.00177680071279258 0.000214267874921128
18640 463 2 0.0018220589363731 4.5258223580512e-05 1.95499885876942e-07 2194 3885.40765408483 18640 2194 0.0018220589363731 0.000214463374807005
18926 286 80 0.0018500154200535 2.79564836804027e-05 7.81999543507766e-06 2274 3582.14704549802 18926 2274 0.0018500154200535 0.000222283370242083
19621 695 81 0.00191795163039574 6.79362103422372e-05 7.91774537801614e-06 2355 3733.87891612723 19621 2355 0.00191795163039574 0.000230201115620099
20302 681 107 0.00198451934153683 6.65677111410986e-05 1.04592438944164e-05 2462 3848.59914360621 20302 2462 0.00198451934153683 0.000240660359514515
21092 790 124 0.00206174179645823 7.72224549213919e-05 1.21209929243704e-05 2586 4054.92091072276 21092 2586 0.00206174179645823 0.000252781352438886
21520 428 67 0.00210357877203589 4.18369755776655e-05 6.54924617687754e-06 2653 3867.95193543085 21520 2653 0.00210357877203589 0.000259330598615763
22082 562 16 0.00215851423996731 5.49354679314206e-05 1.56399908701553e-06 2669 3843.33865971439 22082 2669 0.00215851423996731 0.000260894597702779
22317 235 10 0.00218148547655785 2.29712365905406e-05 9.77499429384708e-07 2679 3495.45823138982 22317 2679 0.00218148547655785 0.000261872097132163
22721 404 90 0.002220976453505 3.94909769471422e-05 8.79749486446237e-06 2769 3369.33732051112 22721 2769 0.002220976453505 0.000270669591996626
23216 495 85 0.00226936267525954 4.83862217545431e-05 8.30874514977002e-06 2854 3353.34389671135 23216 2854 0.00226936267525954 0.000278978337146396
23918 702 87 0.00233798313520234 6.86204599428065e-05 8.50424503564696e-06 2941 3546.77603426336 23918 2941 0.00233798313520234 0.000287482582182043
24623 705 99 0.00240689684497397 6.89137097716219e-05 9.67724435090861e-06 3040 3713.87226957758 24623 3040 0.00240689684497397 0.000297159826532951
25265 642 135 0.00246965230834046 6.27554633664983e-05 1.31962422966936e-05 3175 3792.62670344395 25265 3175 0.00246965230834046 0.000310356068829645
25921 656 45 0.0025337762709081 6.41239625676369e-05 4.39874743223119e-06 3220 3873.43724627993 25921 3220 0.0025337762709081 0.000314754816261876
26322 401 5 0.00257297399802643 3.91977271183268e-05 4.88749714692354e-07 3225 3686.99206876655 26322 3225 0.00257297399802643 0.000315243565976568
26670 348 31 0.00260699097816902 3.40169801425878e-05 3.0302482310926e-06 3256 3475.82315170015 26670 3256 0.00260699097816902 0.000318273814207661
27272 602 57 0.00266583644381798 5.88454656489594e-05 5.57174674749284e-06 3313 3550.68009540909 27272 3313 0.00266583644381798 0.000323845560955154
27909 637 147 0.00272810315746978 6.22667136518059e-05 1.43692416119552e-05 3460 3649.1842411277 27909 3460 0.00272810315746978 0.000338214802567109
28582 673 69 0.00279388886906737 6.57857115975909e-05 6.74474606275449e-06 3529 3768.74925612385 28582 3529 0.00279388886906737 0.000344959548629863
29207 625 117 0.00285498258340392 6.10937143365443e-05 1.14367433238011e-05 3646 3822.18105067702 29207 3646 0.00285498258340392 0.000356396291953665
29677 470 28 0.002900925056585 4.59424731810813e-05 2.73699840227718e-06 3674 3712.50938361705 29677 3674 0.002900925056585 0.000359133290355942
30143 466 5 0.00294647652999433 4.55514734093274e-05 4.88749714692354e-07 3679 3615.47051265727 30143 3679 0.00294647652999433 0.000359622040070634
30377 234 19 0.00296935001664193 2.28734866476022e-05 1.85724891583095e-06 3698 3301.14854896929 30377 3698 0.00296935001664193 0.000361479288986465
30799 422 45 0.00301060049256196 4.12504759200347e-05 4.39874743223119e-06 3743 3222.4966287117 30799 3743 0.00301060049256196 0.000365878036418696
31523 724 88 0.00308137145124942 7.07709586874529e-05 8.60199497858543e-06 3831 3457.77305227893 31523 3831 0.00308137145124942 0.000374480031397282
32172 649 40 0.00314481116421648 6.34397129670676e-05 3.90999771753883e-06 3871 3582.367472597 32172 3871 0.00314481116421648 0.000378390029114821
32809 637 54 0.00320707787786829 6.22667136518059e-05 5.27849691867742e-06 3925 3676.06591327032 32809 3925 0.00320707787786829 0.000383668526033498
33188 379 67 0.00324412510624197 3.70472283736804e-05 6.54924617687754e-06 3992 3497.5540560572 33188 3992 0.00324412510624197 0.000390217772210375
33459 271 6 0.00327061534077829 2.64902345363256e-05 5.86499657630825e-07 3998 3238.11529258002 33459 3998 0.00327061534077829 0.000390804271868006
33843 384 31 0.00330815131886667 3.75359780883728e-05 3.0302482310926e-06 4029 3131.02299085618 33843 4029 0.00330815131886667 0.000393834520099099
34440 597 96 0.00336650803480093 5.83567159342671e-05 9.3839945220932e-06 4125 3253.17229889557 34440 4125 0.00336650803480093 0.000403218514621192
35088 648 95 0.00342984999782506 6.33419630241291e-05 9.28624457915473e-06 4220 3407.7964528194 35088 4220 0.00342984999782506 0.000412504759200347
35727 639 46 0.00349231221136275 6.24622135376828e-05 4.49649737516966e-06 4266 3529.97032014393 35727 4266 0.00349231221136275 0.000417001256575516
36476 749 84 0.00356552691862366 7.32147072609146e-05 8.21099520683155e-06 4350 3743.6153086937 36476 4350 0.00356552691862366 0.000425212251782348
37113 637 45 0.00362779363227547 6.22667136518059e-05 4.39874743223119e-06 4395 3812.85891566849 37113 4395 0.00362779363227547 0.000429610999214579
37542 429 0 0.00366972835779607 4.1934725520604e-05 0 4395 3663.60104284519 37542 4395 0.00366972835779607 0.000429610999214579
37814 272 8 0.00369631634227534 2.65879844792641e-05 7.81999543507767e-07 4403 3379.97960686623 37814 4403 0.00369631634227534 0.000430392998758087
38589 775 65 0.00377207254805265 7.57562057773149e-05 6.3537462910006e-06 4468 3642.37217478402 38589 4468 0.00377207254805265 0.000436746745049088
40803 2214 74 0.00398849092171842 0.000216418373665774 7.23349577744684e-06 4542 5303.97030720742 40803 4542 0.00398849092171842 0.000443980240826534
41883 1080 20 0.00409406086009197 0.000105569938373548 1.95499885876942e-06 4562 5579.57060210425 41883 4562 0.00409406086009197 0.000445935239685304
42939 1056 77 0.004197284799835 0.000103223939743025 7.52674560626225e-06 4639 5789.37337870803 42939 4639 0.004197284799835 0.000453461985291566
43887 948 17 0.00428995174574067 9.26669459056703e-05 1.661749029954e-06 4656 5859.35748328783 43887 4656 0.00428995174574067 0.00045512373432152
44730 843 3 0.0043723549476378 8.24032018971309e-05 2.93249828815412e-07 4659 5813.72780426304 44730 4659 0.0043723549476378 0.000455416984150335
45133 403 35 0.004411748174642 3.93932270042037e-05 3.42124800284648e-06 4694 5335.01831864537 45133 4694 0.004411748174642 0.000458838232153182
45924 791 23 0.00448906837950633 7.73202048643304e-05 2.24824868758483e-06 4717 5316.90987465451 45924 4717 0.00448906837950633 0.000461086480840767
46814 890 78 0.00457606582872157 8.6997449215239e-05 7.62449554920072e-06 4795 5400.54775580546 46814 4795 0.00457606582872157 0.000468710976389968
48288 1474 19 0.00472014924461288 0.000144083415891306 1.85724891583095e-06 4814 6055.50112270832 48288 4814 0.00472014924461288 0.000470568225305798
49684 1396 40 0.00485660816495498 0.000136458920342105 3.90999771753883e-06 4854 6533.12431529306 49684 4854 0.00485660816495498 0.000474478223023337
50931 1247 20 0.00497850234379926 0.000121894178844273 1.95499885876942e-06 4874 6789.31121336396 50931 4874 0.00497850234379926 0.000476433221882107
51614 683 0 0.00504526555482623 6.67632110269756e-05 0 4874 6442.64482732436 51614 4874 0.00504526555482623 0.000476433221882107
52383 769 17 0.00512043526094592 7.51697061196841e-05 1.661749029954e-06 4891 6234.5538371765 52383 4891 0.00512043526094592 0.000478094970912061
53323 940 48 0.00521232020730808 9.18849463621626e-05 4.6919972610466e-06 4939 6229.02190965803 53323 4939 0.00521232020730808 0.000482786968173107
54562 1239 102 0.00533343238660884 0.000121112179300765 9.97049417972402e-06 5041 6523.32895381677 54562 5041 0.00533343238660884 0.000492757462352831
56043 1481 12 0.00547820005210072 0.000144767665491875 1.17299931526165e-06 5053 7015.00141561192 56043 5053 0.00547820005210072 0.000493930461668093
56043 0 0 0.00547820005210072 0 0 5053 5951.10687186823 56043 5053 0.00547820005210072 0.000493930461668093
56043 0 0 0.00547820005210072 0 0 5053 5048.56248803878 56043 5053 0.00547820005210072 0.000493930461668093
56043 0 0 0.00547820005210072 0 0 5053 4282.89791200319 56043 5053 0.00547820005210072 0.000493930461668093
58932 2889 69 0.00576059963724996 0.000282399585149242 6.74474606275449e-06 5122 6522.35396325205 58932 5122 0.00576059963724996 0.000500675207730848
60837 1905 39 0.00594681327854775 0.000186213641297787 3.81224777460036e-06 5161 7438.17429203689 60837 5161 0.00594681327854775 0.000504487455505448
62324 1487 48 0.00609216744369726 0.000145354165149506 4.6919972610466e-06 5209 7797.10138429645 62324 5209 0.00609216744369726 0.000509179452766494
63890 1566 21 0.0062452438543389 0.000153076410641645 2.05274880170789e-06 5230 8180.59362295685 63890 5230 0.0062452438543389 0.000511232201568202
65137 1247 50 0.00636713803318317 0.000121894178844273 4.88749714692354e-06 5280 8186.92545991429 65137 5280 0.00636713803318317 0.000516119698715126
65137 0 0 0.00636713803318317 0 0 5280 6945.29701099411 65137 5280 0.00636713803318317 0.000516119698715126
65137 0 0 0.00636713803318317 0 0 5280 5891.97383158155 65137 5280 0.00636713803318317 0.000516119698715126
67667 2530 30 0.0066144453888175 0.000247307355634331 2.93249828815412e-06 5310 7528.39755982916 67667 5310 0.0066144453888175 0.00051905219700328
68451 784 23 0.00669108134408126 7.66359552637611e-05 2.24824868758483e-06 5333 7170.64139863858 68451 5333 0.00669108134408126 0.000521300445690865
69692 1241 37 0.00681238902326791 0.000121307679186642 3.61674788872342e-06 5370 7324.14250773654 69692 5370 0.00681238902326791 0.000524917193579588
70639 947 41 0.00690495821923064 9.25691959627319e-05 4.0077476604773e-06 5411 7160.3636511221 70639 5411 0.00690495821923064 0.000528924941240066
71419 780 9 0.00698120317472265 7.62449554920072e-05 8.79749486446237e-07 5420 6854.4234825719 71419 5420 0.00698120317472265 0.000529804690726512
71419 0 0 0.00698120317472265 0 0 5420 5814.88217508369 71419 5420 0.00698120317472265 0.000529804690726512
71419 0 0 0.00698120317472265 0 0 5420 4932.99761768132 71419 5420 0.00698120317472265 0.000529804690726512
73061 1642 13 0.00714170858102762 0.000160505406304969 1.27074925820012e-06 5433 5826.85960047837 73061 5433 0.00714170858102762 0.000531075439984712
73344 283 14 0.0071693718148792 2.76632338515872e-05 1.36849920113859e-06 5447 5226.15854771547 73344 5447 0.0071693718148792 0.00053244393918585
73858 514 35 0.00721961528554958 5.0243470670374e-05 3.42124800284648e-06 5482 4947.55976772379 73858 5482 0.00721961528554958 0.000535865187188697
74333 475 18 0.00726604650844535 4.64312228957736e-05 1.75949897289247e-06 5500 4672.21325603061 74333 5500 0.00726604650844535 0.000537624686161589
74898 565 26 0.00732127522620559 5.5228717760236e-05 2.54149851640024e-06 5526 4528.62577389048 74898 5526 0.00732127522620559 0.00054016618467799
74898 0 0 0.00732127522620559 0 0 5526 3841.81475760519 74898 5526 0.00732127522620559 0.00054016618467799
74898 0 0 0.00732127522620559 0 0 5526 3259.16544415048 74898 5526 0.00732127522620559 0.00054016618467799
75826 928 10 0.00741198717325249 9.07119470469009e-05 9.77499429384708e-07 5536 3692.88067815272 75826 5536 0.00741198717325249 0.000541143684107374
76001 175 9 0.00742909341326672 1.71062400142324e-05 8.79749486446237e-07 5545 3307.81869506608 76001 5545 0.00742909341326672 0.000542023433593821
76492 491 27 0.00747708863524951 4.79952219827892e-05 2.63924845933871e-06 5572 3297.15518099433 76492 5572 0.00747708863524951 0.000544662682053159
76877 385 21 0.00751472236328082 3.76337280313113e-05 2.05274880170789e-06 5593 3182.10889459881 76877 5593 0.00751472236328082 0.000546715430854867
77281 404 26 0.00755421334022796 3.94909769471422e-05 2.54149851640024e-06 5619 3103.51051863446 77281 5619 0.00755421334022796 0.000549256929371267
77281 0 0 0.00755421334022796 0 0 5619 2632.83236597177 77281 5619 0.00755421334022796 0.000549256929371267
77281 0 0 0.00755421334022796 0 0 5619 2233.53722363361 77281 5619 0.00755421334022796 0.000549256929371267
78048 767 20 0.00762918754646177 7.49742062338071e-05 1.95499885876942e-06 5639 2661.79915008399 78048 5639 0.00762918754646177 0.000551211928230037
78166 118 7 0.00764072203972851 1.15344932667396e-05 6.84249600569296e-07 5646 2376.11090762497 78166 5646 0.00764072203972851 0.000551896177830606
78504 338 21 0.00767376152044171 3.30394807132031e-05 2.05274880170789e-06 5667 2353.75012076523 78504 5667 0.00767376152044171 0.000553948926632314
78763 259 9 0.00769907875566278 2.53172352210639e-05 8.79749486446237e-07 5676 2255.78056902071 78763 5676 0.00769907875566278 0.00055482867611876
78997 234 21 0.00772195224231038 2.28734866476022e-05 2.05274880170789e-06 5697 2147.66907152006 78997 5697 0.00772195224231038 0.000556881424920468
78997 0 0 0.00772195224231038 0 0 5697 1821.95375493121 78997 5697 0.00772195224231038 0.000556881424920468
78997 0 0 0.00772195224231038 0 0 5697 1545.63639674639 78997 5697 0.00772195224231038 0.000556881424920468
79395 398 3 0.00776085671959989 3.89044772895114e-05 2.93249828815412e-07 5700 1709.22530661453 79395 5700 0.00776085671959989 0.000557174674749284
