# totalCases dailyCases dailyDeceased totalCasesNormalized dailyCasesNormalized dailyDeceasedNormalized totalDeceased Sick totalCasesAveraged totalDeathsAv
1 1 0 2.27305567761233e-08 2.27305567761233e-08 0 0 1 1 0 2.27305567761233e-08 0
3 2 0 6.81916703283699e-08 4.54611135522466e-08 0 0 2.84834008138958 3 0 6.81916703283699e-08 0
3 0 0 6.81916703283699e-08 0 0 0 2.41636105647124 3 0 6.81916703283699e-08 0
5 2 0 1.13652783880617e-07 4.54611135522466e-08 0 0 4.04989593531342 5 0 1.13652783880617e-07 0
14 9 0 3.18227794865726e-07 2.0457501098511e-07 0 0 12.4356890473831 14 0 3.18227794865726e-07 0
19 5 2 4.31880578746343e-07 1.13652783880617e-07 4.54611135522466e-08 2 15.5496934585925 19 2 4.31880578746343e-07 4.54611135522466e-08
26 7 0 5.90994476179206e-07 1.59113897432863e-07 0 2 20.1914282142454 26 2 5.90994476179206e-07 4.54611135522466e-08
26 0 1 5.90994476179206e-07 0 2.27305567761233e-08 3 17.1291978546448 26 3 5.90994476179206e-07 6.81916703283699e-08
41 15 0 9.31952827821056e-07 3.4095835164185e-07 0 3 29.5313851021475 41 3 9.31952827821056e-07 6.81916703283699e-08
47 6 0 1.0683361684778e-06 1.3638334065674e-07 0 3 31.0526576411029 47 3 1.0683361684778e-06 6.81916703283699e-08
73 26 0 1.659330644657e-06 5.90994476179206e-07 0 3 52.3432141106159 73 3 1.659330644657e-06 6.81916703283699e-08
84 11 0 1.90936676919436e-06 2.50036124537356e-07 0 3 55.4048465187921 84 3 1.90936676919436e-06 6.81916703283699e-08
113 29 1 2.56855291570193e-06 6.59186146507576e-07 2.27305567761233e-08 4 76.0021520051293 113 4 2.56855291570193e-06 9.09222271044933e-08
156 43 1 3.54596685707524e-06 9.77413941373302e-07 2.27305567761233e-08 5 107.475671817815 156 5 3.54596685707524e-06 1.13652783880617e-07
218 62 0 4.95526137719488e-06 1.40929452011965e-06 0 5 153.175920177325 218 5 4.95526137719488e-06 1.13652783880617e-07
311 93 3 7.06920315737435e-06 2.11394178017947e-06 6.81916703283699e-08 8 222.945272590155 311 8 7.06920315737435e-06 1.81844454208987e-07
418 107 1 9.50137273241955e-06 2.43216957504519e-06 2.27305567761233e-08 9 296.133410694554 418 9 9.50137273241955e-06 2.0457501098511e-07
480 62 2 1.09106672525392e-05 1.40929452011965e-06 4.54611135522466e-08 11 313.221841730792 480 11 1.09106672525392e-05 2.50036124537356e-07
549 69 2 1.24790756700917e-05 1.56840841755251e-06 4.54611135522466e-08 13 334.718642706894 549 13 1.24790756700917e-05 2.95497238089603e-07
794 245 7 1.80480620802419e-05 5.56898641015021e-06 1.59113897432863e-07 20 528.955240596576 794 20 1.80480620802419e-05 4.54611135522466e-07
804 10 0 1.82753676480031e-05 2.27305567761233e-07 0 20 458.733931859144 804 20 1.82753676480031e-05 4.54611135522466e-07
987 183 3 2.24350595380337e-05 4.15969189003057e-06 6.81916703283699e-08 23 572.162381089548 987 23 2.24350595380337e-05 5.22802805850836e-07
1096 109 5 2.49126902266312e-05 2.47763068859744e-06 1.13652783880617e-07 28 594.388280941562 1096 28 2.49126902266312e-05 6.36455589731453e-07
1251 155 4 2.84359265269303e-05 3.52323630029911e-06 9.09222271044933e-08 32 659.243402630977 1251 32 2.84359265269303e-05 7.27377816835946e-07
1319 68 6 2.99816043877067e-05 1.54567786077639e-06 1.3638334065674e-07 38 627.262601843506 1319 38 2.99816043877067e-05 8.63761157492686e-07
1462 143 7 3.32320740066923e-05 3.25046961898563e-06 1.59113897432863e-07 45 675.13200670056 1462 45 3.32320740066923e-05 1.02287505492555e-06
1668 206 7 3.79145687025737e-05 4.6824946958814e-06 1.59113897432863e-07 52 778.741541513063 1668 52 3.79145687025737e-05 1.18198895235841e-06
1892 224 5 4.30062134204253e-05 5.09164471785162e-06 1.13652783880617e-07 57 884.637662708638 1892 57 4.30062134204253e-05 1.29564173623903e-06
2203 311 12 5.00754165777997e-05 7.06920315737435e-06 2.7276668131348e-07 69 1061.47358678253 2203 69 5.00754165777997e-05 1.56840841755251e-06
2511 308 4 5.70764280648456e-05 7.00101148704598e-06 9.09222271044933e-08 73 1208.49058900398 2511 73 5.70764280648456e-05 1.659330644657e-06
2777 266 10 6.31227561672944e-05 6.0463281024488e-06 2.27305567761233e-07 83 1291.21100463418 2777 83 6.31227561672944e-05 1.88663621241824e-06
3102 325 10 7.05101871195345e-05 7.38743095224008e-06 2.27305567761233e-07 93 1420.38604876248 3102 93 7.05101871195345e-05 2.11394178017947e-06
3372 270 5 7.66474374490878e-05 6.13725032955329e-06 1.13652783880617e-07 98 1474.97041621179 3372 98 7.66474374490878e-05 2.22759456406008e-06
4161 789 18 9.45818467454491e-05 1.79344092963613e-05 4.0915002197022e-07 116 2040.27652293633 4161 116 9.45818467454491e-05 2.6367445860303e-06
4462 301 9 0.000101423744335062 6.84189758961312e-06 2.0457501098511e-07 125 2031.84835152505 4462 125 0.000101423744335062 2.84131959701541e-06
5106 644 8 0.000116062222898886 1.46384785638234e-05 1.81844454208987e-07 133 2367.69839590405 5106 133 0.000116062222898886 3.0231640512244e-06
5449 343 8 0.000123858803873096 7.7965809742103e-06 1.81844454208987e-07 141 2351.61344988722 5449 141 0.000123858803873096 3.20500850543339e-06
5710 261 10 0.000129791479191664 5.93267531856819e-06 2.27305567761233e-07 151 2255.96794547415 5710 151 0.000129791479191664 3.43231407319462e-06
6125 415 10 0.000139224660253755 9.43318106209118e-06 2.27305567761233e-07 161 2328.82803047582 6125 161 0.000139224660253755 3.65961964095585e-06
6592 467 13 0.000149839830268205 1.06151700144496e-05 2.95497238089603e-07 174 2442.63816091619 6592 174 0.000149839830268205 3.95511687904546e-06
7170 578 13 0.000162978092084804 1.31382618165993e-05 2.95497238089603e-07 187 2650.18785623694 7170 187 0.000162978092084804 4.25061411713506e-06
7647 477 6 0.000173820567667015 1.08424755822108e-05 1.3638334065674e-07 193 2725.26058165772 7647 193 0.000173820567667015 4.3869974577918e-06
8125 478 8 0.000184685773806002 1.08652061389869e-05 1.81844454208987e-07 201 2789.94778365132 8125 201 0.000184685773806002 4.56884191200079e-06
8617 492 8 0.000195869207739855 1.11834339338527e-05 1.81844454208987e-07 209 2858.82452985544 8617 209 0.000195869207739855 4.75068636620977e-06
9009 392 11 0.000204779585996095 8.91037825624034e-06 2.50036124537356e-07 220 2817.25543433609 9009 220 0.000204779585996095 5.00072249074713e-06
9009 0 0 0.000204779585996095 0 0 220 2389.99070445991 9009 220 0.000204779585996095 5.00072249074713e-06
9410 401 19 0.00021389453926332 9.11495326722545e-06 4.31880578746343e-07 239 2428.52490874186 9410 239 0.00021389453926332 5.43260306949347e-06
9866 456 11 0.000224259673153233 1.03651338899122e-05 2.50036124537356e-07 250 2516.21501873869 9866 250 0.000224259673153233 5.68263919403083e-06
10406 540 0 0.000236534173812339 1.22745006591066e-05 0 250 2674.60605379046 10406 250 0.000236534173812339 5.68263919403083e-06
10861 455 29 0.000246876577145475 1.03424033331361e-05 6.59186146507576e-07 279 2723.97551735766 10861 279 0.000246876577145475 6.3418253405384e-06
11411 550 0 0.000259378383372343 1.25018062268678e-05 0 279 2860.85761209842 11411 279 0.000259378383372343 6.3418253405384e-06
11913 502 9 0.000270789122873957 1.14107395016139e-05 2.0457501098511e-07 288 2928.98017949157 11913 288 0.000270789122873957 6.54640035152351e-06
12331 418 15 0.000280290495606377 9.50137273241955e-06 3.4095835164185e-07 303 2902.77128385835 12331 303 0.000280290495606377 6.88735870316536e-06
12697 366 13 0.000288609879386438 8.31938378006113e-06 2.95497238089603e-07 316 2828.53722720372 12697 316 0.000288609879386438 7.18285594125497e-06
13184 487 11 0.00029967966053641 1.10697811499721e-05 2.50036124537356e-07 327 2886.56150153946 13184 327 0.00029967966053641 7.43289206579232e-06
13691 507 13 0.000311204052821904 1.15243922854945e-05 2.95497238089603e-07 340 2955.78581915201 13691 340 0.000311204052821904 7.72838930388193e-06
14195 504 21 0.00032266025343707 1.14562006151662e-05 4.7734169229859e-07 361 3011.51158238958 14195 361 0.00032266025343707 8.20573099618052e-06
14710 515 15 0.000334366490176774 1.17062367397035e-05 3.4095835164185e-07 376 3069.78598091004 14710 376 0.000334366490176774 8.54668934782237e-06
15232 522 15 0.00034623184081391 1.18653506371364e-05 3.4095835164185e-07 391 3126.22248889381 15232 391 0.00034623184081391 8.88764769946422e-06
15648 416 17 0.000355687752432778 9.4559116188673e-06 3.86419465194096e-07 408 3068.09984067011 15648 408 0.000355687752432778 9.27406716465831e-06
16023 375 17 0.000364211711223824 8.52395879104624e-06 3.86419465194096e-07 425 2977.79206854544 16023 425 0.000364211711223824 9.66048662985241e-06
16425 402 14 0.000373349395047825 9.13768382400157e-06 3.18227794865726e-07 439 2928.18036579108 16425 439 0.000373349395047825 9.97871442471814e-06
16847 422 17 0.000382941690007349 9.59229495952404e-06 3.86419465194096e-07 456 2906.09276983857 16847 456 0.000382941690007349 1.03651338899122e-05
17330 483 27 0.000393920548930217 1.09788589228676e-05 6.1372503295533e-07 483 2948.35497689052 17330 483 0.000393920548930217 1.09788589228676e-05
17858 528 14 0.00040592228290801 1.20017339777931e-05 3.18227794865726e-07 497 3029.20770106068 17858 497 0.00040592228290801 1.12970867177333e-05
18291 433 17 0.000415764613992072 9.84233108406139e-06 3.86419465194096e-07 514 3002.79830766376 18291 514 0.000415764613992072 1.16835061829274e-05
18616 325 21 0.000423152044944312 7.38743095224008e-06 4.7734169229859e-07 535 2872.39416071996 18616 535 0.000423152044944312 1.2160847875226e-05
18876 260 13 0.000429061989706104 5.90994476179206e-06 2.95497238089603e-07 548 2696.76709608813 18876 548 0.000429061989706104 1.24563451133156e-05
19230 354 16 0.000437108606804851 8.04661709874765e-06 3.63688908417973e-07 564 2641.77561778414 19230 564 0.000437108606804851 1.28200340217335e-05
19706 476 15 0.000447928351830286 1.08197450254347e-05 3.4095835164185e-07 579 2717.124142604 19706 579 0.000447928351830286 1.31609923733754e-05
20148 442 9 0.000457975257925333 1.00469060950465e-05 2.0457501098511e-07 588 2747.04531628227 20148 588 0.000457975257925333 1.33655673843605e-05
20580 432 17 0.000467794858452618 9.81960052728527e-06 3.86419465194096e-07 605 2762.42864719577 20580 605 0.000467794858452618 1.37519868495546e-05
20986 406 12 0.000477023464503724 9.22860605110606e-06 2.7276668131348e-07 617 2749.47894339496 20986 617 0.000477023464503724 1.40247535308681e-05
21245 259 6 0.00048291067870874 5.88721420501594e-06 1.3638334065674e-07 623 2591.49319061862 21245 623 0.00048291067870874 1.41611368715248e-05
21584 339 21 0.000490616337455846 7.7056587471058e-06 4.7734169229859e-07 644 2537.46754424994 21584 644 0.000490616337455846 1.46384785638234e-05
21584 0 0 0.000490616337455846 0 0 644 2152.63542301241 21584 644 0.000490616337455846 1.46384785638234e-05
22382 798 25 0.000508755321763192 1.81389843073464e-05 5.68263919403083e-07 669 2624.16690996044 22382 669 0.000508755321763192 1.52067424832265e-05
23204 822 27 0.000527439839433165 1.86845176699734e-05 6.1372503295533e-07 696 3048.18596997568 23204 696 0.000527439839433165 1.58204675161818e-05
23204 0 0 0.000527439839433165 0 0 696 2585.89833385974 23204 696 0.000527439839433165 1.58204675161818e-05
23672 468 12 0.000538077740004391 1.06379005712257e-05 2.7276668131348e-07 708 2661.72120301175 23672 708 0.000538077740004391 1.60932341974953e-05
24340 668 19 0.000553261751930841 1.51840119264504e-05 4.31880578746343e-07 727 2926.04478199936 24340 727 0.000553261751930841 1.65251147762417e-05
24823 483 8 0.000564240610853709 1.09788589228676e-05 1.81844454208987e-07 735 2965.28106851089 24823 735 0.000564240610853709 1.67069592304506e-05
25411 588 12 0.00057760617823807 1.33655673843605e-05 2.7276668131348e-07 747 3103.56678300351 25411 747 0.00057760617823807 1.69797259117641e-05
25964 553 15 0.000590176176135266 1.25699978971962e-05 3.4095835164185e-07 762 3185.88009729119 25964 762 0.000590176176135266 1.7320684263406e-05
26514 550 15 0.000602677982362134 1.25018062268678e-05 3.4095835164185e-07 777 3252.70978103345 26514 777 0.000602677982362134 1.76616426150478e-05
26514 0 0 0.000602677982362134 0 0 777 2759.4040803786 26514 777 0.000602677982362134 1.76616426150478e-05
26999 485 11 0.000613702302398553 1.10243200364198e-05 2.50036124537356e-07 788 2825.91308213512 26999 788 0.000613702302398553 1.79116787395852e-05
27462 463 9 0.000624226550185898 1.05242477873451e-05 2.0457501098511e-07 797 2860.33533409838 27462 797 0.000624226550185898 1.81162537505703e-05
27856 394 13 0.000633182389555691 8.95583936979259e-06 2.95497238089603e-07 810 2820.53711013051 27856 810 0.000633182389555691 1.84117509886599e-05
28381 525 23 0.000645115931863156 1.19335423074647e-05 5.22802805850836e-07 833 2917.77468157045 28381 833 0.000645115931863156 1.89345537945107e-05
29070 689 21 0.000660777285481905 1.5661353618749e-05 4.7734169229859e-07 854 3164.26521083993 29070 854 0.000660777285481905 1.94118954868093e-05
29753 683 16 0.000676302255759997 1.55249702780922e-05 3.63688908417973e-07 870 3367.37300650216 29753 870 0.000676302255759997 1.97755843952273e-05
30506 753 10 0.000693418365012418 1.71161092524209e-05 2.27305567761233e-07 880 3609.67749040511 30506 880 0.000693418365012418 2.00028899629885e-05
31154 648 9 0.000708147765803346 1.47294007909279e-05 2.0457501098511e-07 889 3710.23409600041 31154 889 0.000708147765803346 2.02074649739736e-05
31810 656 12 0.000723059011048483 1.49112452451369e-05 2.7276668131348e-07 901 3803.54029497538 31810 901 0.000723059011048483 2.04802316552871e-05
32476 666 11 0.000738197561861381 1.51385508128981e-05 2.50036124537356e-07 912 3892.69568340796 32476 912 0.000738197561861381 2.07302677798245e-05
33234 758 31 0.000755427323897682 1.72297620363015e-05 7.04647260059823e-07 943 4060.32977288717 33234 943 0.000755427323897682 2.14349150398843e-05
34063 829 23 0.000774270955465088 1.88436315674062e-05 5.22802805850836e-07 966 4273.54048999963 34063 966 0.000774270955465088 2.19577178457351e-05
34984 921 19 0.000795205798255898 2.09348427908096e-05 4.31880578746343e-07 985 4546.41568710795 34984 985 0.000795205798255898 2.23895984244815e-05
35825 841 9 0.000814322196504618 1.91163982487197e-05 2.0457501098511e-07 994 4697.90665403202 35825 994 0.000814322196504618 2.25941734354666e-05
36560 735 8 0.000831029155735068 1.67069592304506e-05 1.81844454208987e-07 1002 4720.42251324217 36560 1002 0.000831029155735068 2.27760178896756e-05
37241 681 10 0.000846508664899608 1.547950916454e-05 2.27305567761233e-07 1012 4685.52361907707 37241 1012 0.000846508664899608 2.30033234574368e-05
39014 1773 39 0.000886809942063675 4.03012771640666e-05 8.86491714268809e-07 1051 5747.91748836064 39014 1051 0.000886809942063675 2.38898151717056e-05
39014 0 0 0.000886809942063675 0 0 1051 4876.18878989645 39014 1051 0.000886809942063675 2.38898151717056e-05
40008 994 16 0.000909404115499142 2.25941734354666e-05 3.63688908417973e-07 1067 5130.66639489171 40008 1067 0.000909404115499142 2.42535040801236e-05
41117 1109 19 0.000934612302963862 2.52081874647208e-05 4.31880578746343e-07 1086 5461.54994702521 41117 1086 0.000934612302963862 2.46853846588699e-05
42065 948 24 0.000956160870787627 2.15485678237649e-05 5.4553336262696e-07 1110 5581.25172657262 42065 1110 0.000956160870787627 2.52309180214969e-05
42982 917 19 0.000977004791351332 2.08439205637051e-05 4.31880578746343e-07 1129 5651.79954397635 42982 1129 0.000977004791351332 2.56627986002432e-05
43628 646 18 0.000991688731028708 1.46839396773757e-05 4.0915002197022e-07 1147 5440.64808513448 43628 1147 0.000991688731028708 2.60719486222134e-05
44998 1370 26 0.001022829593812 3.11408627832889e-05 5.90994476179206e-07 1173 5985.51983935505 44998 1173 0.001022829593812 2.66629430983926e-05
44998 0 0 0.001022829593812 0 0 1173 5077.7563876774 44998 1173 0.001022829593812 2.66629430983926e-05
45887 889 12 0.00104303705878597 2.02074649739736e-05 2.7276668131348e-07 1185 5196.6642671987 45887 1185 0.00104303705878597 2.69357097797061e-05
47677 1790 42 0.00108372475541523 4.06876966292607e-05 9.54683384597179e-07 1227 6198.53858738967 47677 1227 0.00108372475541523 2.78903931643033e-05
47677 0 0 0.00108372475541523 0 0 1227 5258.4687297226 47677 1227 0.00108372475541523 2.78903931643033e-05
49043 1366 35 0.00111477469597142 3.10499405561844e-05 7.95569487164316e-07 1262 5826.96979015743 49043 1262 0.00111477469597142 2.86859626514676e-05
49607 564 21 0.00112759472999315 1.28200340217335e-05 4.7734169229859e-07 1283 5507.25202603677 49607 1283 0.00112759472999315 2.91633043437662e-05
50414 807 23 0.00114593828931148 1.83435593183315e-05 5.22802805850836e-07 1306 5479.02263200096 50414 1306 0.00114593828931148 2.9686107149617e-05
51224 810 21 0.00116435004030014 1.84117509886599e-05 4.7734169229859e-07 1327 5458.07450556704 51224 1327 0.00116435004030014 3.01634488419156e-05
52043 819 18 0.00118296636629979 1.8616325999645e-05 4.0915002197022e-07 1345 5449.30337028313 52043 1345 0.00118296636629979 3.05725988638859e-05
52043 0 0 0.00118296636629979 0 0 1345 4622.8624646625 52043 1345 0.00118296636629979 3.05725988638859e-05
52843 800 27 0.00120115081172068 1.81844454208987e-05 6.1372503295533e-07 1372 4721.75951952462 52843 1372 0.00120115081172068 3.11863238968412e-05
54133 1290 26 0.00123047322996188 2.93224182411991e-05 5.90994476179206e-07 1398 5295.65785509554 54133 1398 0.00123047322996188 3.17773183730204e-05
54771 638 14 0.00124497532518505 1.45020952231667e-05 3.18227794865726e-07 1412 5130.51881580311 54771 1412 0.00124497532518505 3.20955461678861e-05
54771 0 0 0.00124497532518505 0 0 1412 4352.42474976918 54771 1412 0.00124497532518505 3.20955461678861e-05
55607 836 15 0.00126397807064989 1.90027454648391e-05 3.4095835164185e-07 1427 4528.33636646121 55607 1427 0.00126397807064989 3.2436504519528e-05
56455 848 18 0.00128325358279604 1.92755121461526e-05 4.0915002197022e-07 1445 4689.56924168309 56455 1445 0.00128325358279604 3.28456545414982e-05
57264 809 11 0.00130164260322793 1.83890204318838e-05 2.50036124537356e-07 1456 4787.3495521715 57264 1456 0.00130164260322793 3.30956906660355e-05
58111 847 21 0.0013208953848173 1.92527815893764e-05 4.7734169229859e-07 1477 4908.30050872954 58111 1477 0.0013208953848173 3.35730323583341e-05
58842 731 8 0.00133751142182065 1.66160370033461e-05 1.81844454208987e-07 1485 4894.90805306013 58842 1485 0.00133751142182065 3.37548768125431e-05
59493 651 13 0.0013523090142819 1.47975924612563e-05 2.95497238089603e-07 1498 4803.54669612754 59493 1498 0.0013523090142819 3.40503740506327e-05
60166 673 20 0.00136760667899224 1.5297664710331e-05 4.54611135522466e-07 1518 4748.04119515148 60166 1518 0.00136760667899224 3.45049851861552e-05
61851 1685 33 0.00140590766716 3.83009881677678e-05 7.50108373612069e-07 1551 5712.95365393588 61851 1551 0.00140590766716 3.52550935597673e-05
62823 972 20 0.00142800176834639 2.20941011863919e-05 4.54611135522466e-07 1571 5818.52756775486 62823 1571 0.00142800176834639 3.57097046952897e-05
63929 1106 19 0.00145314176414079 2.51399957943924e-05 4.31880578746343e-07 1590 6042.09015039667 63929 1590 0.00145314176414079 3.61415852740361e-05
63929 0 0 0.00145314176414079 0 0 1590 5125.74724995069 63929 1590 0.00145314176414079 3.61415852740361e-05
64849 920 15 0.00147405387637482 2.09121122340335e-05 3.4095835164185e-07 1605 5268.37683920558 64849 1605 0.00147405387637482 3.64825436256779e-05
65656 807 11 0.00149239743569315 1.83435593183315e-05 2.50036124537356e-07 1616 5276.37523656264 65656 1616 0.00149239743569315 3.67325797502153e-05
