# totalCases dailyCases dailyDeceased totalCasesNormalized dailyCasesNormalized dailyDeceasedNormalized totalDeceased Sick totalCasesAveraged totalDeathsAv
0 0 0 0 0 0 0 0 0 0 0 0
0 0 0 0 0 0 0 0 0 0 0 0
0 0 0 0 0 0 0 0 0 0 0 0
0 0 0 0 0 0 0 0 0 0 0 0
0 0 0 0 0 0 0 0 0 0 0 0
0 0 0 0 0 0 0 0 0 0 0 0
0 0 0 0 0 0 0 0 0 0 0 0
0 0 0 0 0 0 0 0 0 0 0 0
0 0 0 0 0 0 0 0 0 0 0 0
0 0 0 0 0 0 0 0 0 0 0 0
0 0 0 0 0 0 0 0 0 0 0 0
0 0 0 0 0 0 0 0 0 0 0 0
0 0 0 0 0 0 0 0 0 0 0 0
0 0 0 0 0 0 0 0 0 0 0 0
0 0 0 0 0 0 0 0 0 0 0 0
0 0 0 0 0 0 0 0 0 0 0 0
0 0 0 0 0 0 0 0 0 0 0 0
0 0 0 0 0 0 0 0 0 0 0 0
0 0 0 0 0 0 0 0 0 0 0 0
0 0 0 0 0 0 0 0 0 0 0 0
0 0 0 0 0 0 0 0 0 0 0 0
1 1 0 3.03891405111411e-09 3.03891405111411e-09 0 0 1 1 0 3.03891405111411e-09 0
1 0 0 3.03891405111411e-09 0 0 0 0.848340081389579 1 0 3.03891405111411e-09 0
1 0 0 3.03891405111411e-09 0 0 0 0.719680893692078 1 0 3.03891405111411e-09 0
1 0 0 3.03891405111411e-09 0 0 0 0.610534147929263 1 0 3.03891405111411e-09 0
2 1 0 6.07782810222823e-09 3.03891405111411e-09 0 0 1.51794058874543 2 0 6.07782810222823e-09 0
2 0 0 6.07782810222823e-09 0 0 0 1.28772984260084 2 0 6.07782810222823e-09 0
5 3 0 1.51945702555706e-08 9.11674215334235e-09 0 0 4.09243283947979 5 0 1.51945702555706e-08 0
5 0 0 1.51945702555706e-08 0 0 0 3.47177480812567 5 0 1.51945702555706e-08 0
5 0 0 1.51945702555706e-08 0 0 0 2.94524572329162 5 0 1.51945702555706e-08 0
5 0 0 1.51945702555706e-08 0 0 0 2.49856999660953 5 0 1.51945702555706e-08 0
6 1 0 1.82334843066847e-08 3.03891405111411e-09 0 0 3.11963707428129 6 0 1.82334843066847e-08 0
7 1 0 2.12723983577988e-08 3.03891405111411e-09 0 0 3.64651316950174 7 0 2.12723983577988e-08 0
8 1 0 2.43113124089129e-08 3.03891405111411e-09 0 0 4.09348327900328 8 0 2.43113124089129e-08 0
11 3 0 3.34280545622553e-08 9.11674215334235e-09 0 0 6.47266593807652 11 0 3.34280545622553e-08 0
11 0 0 3.34280545622553e-08 0 0 0 5.4910219487154 11 0 3.34280545622553e-08 0
11 0 0 3.34280545622553e-08 0 0 0 4.65825400688519 11 0 3.34280545622553e-08 0
12 1 0 3.64669686133694e-08 3.03891405111411e-09 0 0 4.95178358333431 12 0 3.64669686133694e-08 0
12 0 0 3.64669686133694e-08 0 0 0 4.20079648810941 12 0 3.64669686133694e-08 0
12 0 0 3.64669686133694e-08 0 0 0 3.5637040346238 12 0 3.64669686133694e-08 0
12 0 0 3.64669686133694e-08 0 0 0 3.02323297078113 12 0 3.64669686133694e-08 0
12 0 0 3.64669686133694e-08 0 0 0 2.56472970449212 12 0 3.64669686133694e-08 0
13 1 0 3.95058826644835e-08 3.03891405111411e-09 0 0 3.17576300625112 13 0 3.95058826644835e-08 0
13 0 0 3.95058826644835e-08 0 0 0 2.69412704719709 13 0 3.95058826644835e-08 0
14 1 0 4.25447967155976e-08 3.03891405111411e-09 0 0 3.28553595849304 14 0 4.25447967155976e-08 0
15 1 0 4.55837107667117e-08 3.03891405111411e-09 0 0 3.78725184243638 15 0 4.55837107667117e-08 0
15 0 0 4.55837107667117e-08 0 0 0 3.21287753625531 15 0 4.55837107667117e-08 0
15 0 0 4.55837107667117e-08 0 0 0 2.72561279060158 15 0 4.55837107667117e-08 0
15 0 0 4.55837107667117e-08 0 0 0 2.31224657661543 15 0 4.55837107667117e-08 0
15 0 0 4.55837107667117e-08 0 0 0 1.96157144899871 15 0 4.55837107667117e-08 0
15 0 0 4.55837107667117e-08 0 0 0 1.66407968269504 15 0 4.55837107667117e-08 0
15 0 0 4.55837107667117e-08 0 0 0 1.41170549345625 15 0 4.55837107667117e-08 0
16 1 0 4.86226248178258e-08 3.03891405111411e-09 0 0 2.19760635321679 16 0 4.86226248178258e-08 0
35 19 0 1.06361991788994e-07 5.77393669711682e-08 0 0 20.8643175525502 35 0 1.06361991788994e-07 0
35 0 0 1.06361991788994e-07 0 0 0 17.7000368506685 35 0 1.06361991788994e-07 0
35 0 0 1.06361991788994e-07 0 0 0 15.0156507024946 35 0 1.06361991788994e-07 0
53 18 0 1.61062444709048e-07 5.47004529200541e-08 0 0 30.7383783390718 53 0 1.61062444709048e-07 0
53 0 0 1.61062444709048e-07 0 0 0 26.0765983819519 53 0 1.61062444709048e-07 0
59 6 0 1.79295929015733e-07 1.82334843066847e-08 0 0 28.1218235937084 59 0 1.79295929015733e-07 0
60 1 0 1.82334843066847e-07 3.03891405111411e-09 0 0 24.85687011631 60 0 1.82334843066847e-07 0
66 6 0 2.00568327373532e-07 1.82334843066847e-08 0 0 27.0870792175606 66 0 2.00568327373532e-07 0
69 3 1 2.09685069526874e-07 9.11674215334235e-09 3.03891405111411e-09 1 25.9790549880314 69 1 2.09685069526874e-07 3.03891405111411e-09
89 20 1 2.70463350549156e-07 6.07782810222823e-08 3.03891405111411e-09 2 42.0390736229709 89 2 2.70463350549156e-07 6.07782810222823e-09
103 14 4 3.13008147264754e-07 4.25447967155976e-08 1.21556562044565e-08 6 49.6634311388536 103 6 3.13008147264754e-07 1.82334843066847e-08
125 22 3 3.79864256389264e-07 6.68561091245105e-08 9.11674215334235e-09 9 64.1314792144209 125 9 3.79864256389264e-07 2.7350226460027e-08
159 34 2 4.83187334127144e-07 1.0332307773788e-07 6.07782810222823e-09 11 88.4053042963959 159 11 4.83187334127144e-07 3.34280545622553e-08
233 74 1 7.08066973909589e-07 2.24879639782445e-07 3.03891405111411e-09 12 148.997763042075 233 12 7.08066973909589e-07 3.64669686133694e-08
338 105 2 1.02715294927657e-06 3.19085975366982e-07 6.07782810222823e-09 14 231.400774425979 338 14 1.02715294927657e-06 4.25447967155976e-08
433 95 3 1.31584978413241e-06 2.88696834855841e-07 9.11674215334235e-09 17 291.306551810147 433 17 1.31584978413241e-06 5.166153886894e-08
554 121 4 1.68355838431722e-06 3.67708600184808e-07 1.21556562044565e-08 21 368.127023871938 554 21 1.68355838431722e-06 6.38171950733964e-08
754 200 5 2.29134119454004e-06 6.07782810222823e-07 1.51945702555706e-08 26 512.296909393223 754 26 2.29134119454004e-06 7.9011765328967e-08
1025 271 2 3.11488690239197e-06 8.23545707851925e-07 6.07782810222823e-09 28 705.602001810277 1025 28 3.11488690239197e-06 8.50895934311952e-08
1312 287 2 3.98705523506172e-06 8.72168332669751e-07 6.07782810222823e-09 30 885.590459644381 1312 30 3.98705523506172e-06 9.11674215334234e-08
1663 351 10 5.05371406700277e-06 1.06665883194105e-06 3.03891405111412e-08 40 1102.28188261255 1663 40 5.05371406700277e-06 1.21556562044565e-07
2174 511 7 6.60659914712209e-06 1.55288508011931e-06 2.12723983577988e-08 47 1446.10990200979 2174 47 6.60659914712209e-06 1.42828960402363e-07
2951 777 10 8.96783536483775e-06 2.36123621771567e-06 3.03891405111412e-08 57 2003.79299196926 2951 57 8.96783536483775e-06 1.73218100913505e-07
3774 823 12 1.14688616289047e-05 2.50102626406692e-06 3.64669686133694e-08 69 2522.89790989507 3774 69 1.14688616289047e-05 2.09685069526874e-07
4661 887 16 1.41643783922429e-05 2.69551676333822e-06 4.86226248178258e-08 85 3027.27541821798 4661 85 1.41643783922429e-05 2.583076943447e-07
6427 1766 23 1.95311006065104e-05 5.36672221426753e-06 6.98950231756246e-08 108 4334.15907467972 6427 108 1.95311006065104e-05 3.28202717520324e-07
9415 2988 42 2.86113757912394e-05 9.08027518472898e-06 1.27634390146793e-07 150 6664.84086216918 9415 150 2.86113757912394e-05 4.55837107667117e-07
14250 4835 0 4.33045252283761e-05 1.46931494371367e-05 0 150 10489.0516394612 14250 150 4.33045252283761e-05 4.55837107667117e-07
19624 5374 110 5.96356493390634e-05 1.63311241106873e-05 3.34280545622553e-07 260 14272.28292152 19624 260 5.96356493390634e-05 7.9011765328967e-07
26747 7123 80 8.12818341251492e-05 2.16461847860858e-05 2.43113124089129e-07 340 19230.7496552574 26747 340 8.12818341251492e-05 1.0332307773788e-06
35206 8459 131 0.000106988008083524 2.57061739583743e-05 3.98097740695949e-07 471 24773.2157277237 35206 471 0.000106988008083524 1.43132851807475e-06
46442 11236 119 0.000141133246361842 3.41452382783182e-05 3.6163077208258e-07 590 32252.1118467387 46442 590 0.000141133246361842 1.79295929015733e-06
55231 8789 211 0.000167842261957084 2.6709015595242e-05 6.41210864785078e-07 801 36149.7591890481 55231 801 0.000167842261957084 2.43417015494241e-06
69194 13963 249 0.00021027461885279 4.24323568957064e-05 7.56689598727415e-07 1050 44630.2896526508 69194 1050 0.00021027461885279 3.19085975366982e-06
85991 16797 246 0.000261319258169354 5.10446393165638e-05 7.47572856574072e-07 1296 54658.6635563703 85991 1296 0.000261319258169354 3.93843261024389e-06
104686 18695 411 0.000318131756354932 5.68124981855784e-05 1.2489936750079e-06 1707 65064.1350900568 104686 1707 0.000318131756354932 5.18742628525179e-06
124665 19979 484 0.000378846220182141 6.07144638272089e-05 1.47083440073923e-06 2191 75175.5136578414 124665 2191 0.000378846220182141 6.65826068599103e-06
143025 18360 318 0.000434640682160596 5.57944619784552e-05 9.66374668254289e-07 2509 82134.4013749966 143025 2509 0.000434640682160596 7.62463535424531e-06
164620 21595 661 0.000500266031094406 6.56253489338093e-05 2.00872218778643e-06 3170 91272.904747349 164620 3170 0.000500266031094406 9.63335754203174e-06
189618 24998 909 0.000576232804544156 7.59667734497506e-05 2.76237287246273e-06 4079 102428.463442029 189618 4079 0.000576232804544156 1.23957304144945e-05
216721 27103 1059 0.000658596492071502 8.23636875273459e-05 3.21820998012985e-06 5138 113997.171013021 216721 5138 0.000658596492071502 1.56139403946243e-05
245540 28819 915 0.00074617495611056 8.75784640390577e-05 2.78060635676942e-06 6053 125527.369335368 245540 6053 0.00074617495611056 1.83945467513937e-05
277965 32425 1104 0.000844711744217935 9.85367881073752e-05 3.35496111242998e-06 7157 138914.898718586 277965 7157 0.000844711744217935 2.17495078638237e-05
312237 34272 1344 0.000948861406577718 0.000104149662359783 4.08430048469737e-06 8501 152119.07648515 312237 8501 0.000948861406577718 2.58338083485211e-05
337635 25398 1146 0.00102604374564791 7.71823390701963e-05 3.48259550257678e-06 9647 154446.70972632 337635 9647 0.00102604374564791 2.93164038510979e-05
368196 30561 1342 0.00111891599796401 9.28722523160985e-05 4.07822265659514e-06 10989 161584.334299579 368196 10989 0.00111891599796401 3.3394626507693e-05
398809 30613 1906 0.00121194627381077 9.30302758467564e-05 5.7921701814235e-06 12895 167691.467310986 398809 12895 0.00121194627381077 3.91867966891165e-05
432132 33323 1922 0.00131321200673604 0.000101265732925276 5.84079280624133e-06 14817 175582.39302694 432132 14817 0.00131321200673604 4.50275894953578e-05
466033 33901 1873 0.00141623423198286 0.00010302222524682 5.69188601773674e-06 16690 182854.581591051 466033 16690 0.00141623423198286 5.07194755130946e-05
501560 35527 2087 0.0015241977314768 0.000107963499493931 6.34221362467516e-06 18777 190649.87062941 501560 18777 0.0015241977314768 5.70616891377697e-05
529951 28391 1831 0.00161047554030198 8.62778088251808e-05 5.56425162758994e-06 20608 190126.926766666 529951 20608 0.00161047554030198 6.26259407653597e-05
557571 27620 1500 0.00169441034639375 8.39348060917719e-05 4.55837107667117e-06 22108 188912.292527584 557571 22108 0.00169441034639375 6.71843118420308e-05
582594 25023 1541 0.00177045309269478 7.60427463010285e-05 4.68296655276685e-06 23649 185284.869618343 582594 23649 0.00177045309269478 7.18672783947977e-05
609516 26922 2408 0.00185226673677887 8.18136440840942e-05 7.31770503508279e-06 26057 184106.581372283 609516 26057 0.00185226673677887 7.91849834298805e-05
639664 30148 4928 0.00194388391759186 9.16171808129883e-05 1.49757684438904e-05 30985 186332.992225719 639664 30985 0.00194388391759186 9.41607518737709e-05
671331 31667 2299 0.00204011720884849 9.62332912566307e-05 6.98646340351135e-06 33284 189740.745790331 671331 33284 0.00204011720884849 0.000101147215277282
702164 30833 3770 0.00213381604578649 9.36988369380015e-05 1.14567059727002e-05 37054 191797.679726689 702164 37054 0.00213381604578649 0.000112603921249982
735086 32922 1856 0.00223386317417727 0.000100047128390779 5.6402244788678e-06 38910 195631.659229672 735086 38910 0.00223386317417727 0.00011824414572885
759687 24601 1772 0.00230862349874873 7.47603245714583e-05 5.38495569857421e-06 40682 190563.177713278 759687 40682 0.00230862349874873 0.000123629101427424
787752 28065 1857 0.00239391062159325 8.52871228445176e-05 5.64326339291891e-06 42539 189727.381691139 787752 42539 0.00239391062159325 0.000129272364820343
825041 37289 2524 0.00250722868764524 0.000113318066051994 7.67021906501203e-06 45063 198242.342425693 825041 45063 0.00250722868764524 0.000136942583885355
842629 17588 1721 0.00256067710797624 5.34484203309951e-05 5.22997108196739e-06 46784 185764.924908273 842629 46784 0.00256067710797624 0.000142172554967323
869172 26543 3179 0.00264133900363496 8.0661895658722e-05 9.66070776849177e-06 49963 184134.831516014 869172 49963 0.00264133900363496 0.000151833262735815
890524 21352 1054 0.00270622589645435 6.48868928193886e-05 3.20301540987428e-06 51017 177560.957954951 890524 51017 0.00270622589645435 0.000155036278145689
939053 48529 2172 0.00285370135644086 0.000147475459986517 6.60052131901986e-06 53189 199161.077523115 939053 53189 0.00285370135644086 0.000161636799464709
965910 26857 1687 0.00293531747111163 8.16161146707718e-05 5.12664800422951e-06 54876 195813.324715596 965910 54876 0.00293531747111163 0.000166763447468938
988451 22541 1369 0.0030038176327378 6.85001616261633e-05 4.16027333597522e-06 56245 188657.291826393 988451 56245 0.0030038176327378 0.000170923720804913
1012583 24132 2110 0.00307715270661928 7.33350738814858e-05 6.41210864785078e-06 58355 184177.54230274 1012583 58355 0.00307715270661928 0.000177335829452764
1039909 27326 2611 0.00316019407198003 8.30413653607443e-05 7.93460458745895e-06 60966 183571.191227239 1039909 60966 0.00316019407198003 0.000185270434040223
1069826 29917 2040 0.00325110926364721 9.0915191667181e-05 6.19938466427279e-06 63006 185647.799306498 1069826 63006 0.00325110926364721 0.000191469818704496
1103781 33955 2062 0.00335429559025279 0.00010318632660558 6.2662407733973e-06 65068 191447.469173471 1103781 65068 0.00335429559025279 0.000197736059477893
1133069 29288 1317 0.00344329930498182 8.90037147290302e-05 4.00224980531729e-06 66385 191700.561580451 1133069 66385 0.00344329930498182 0.000201738309283211
1158041 24972 1297 0.00351918706666624 7.58877616844217e-05 3.94147152429501e-06 67682 187599.270013588 1158041 67682 0.00351918706666624 0.000205679780807506
1180634 22593 1252 0.00358784525182306 6.86581851568212e-05 3.80472039199487e-06 68934 181740.979991953 1180634 68934 0.00358784525182306 0.0002094845011995
1204475 23841 2144 0.00366029600171567 7.24507498926116e-05 6.51543172558866e-06 71078 178019.157758195 1204475 71078 0.00366029600171567 0.000215999932925089
1228603 24128 2353 0.00373361891994096 7.33229182252814e-05 7.15056476227151e-06 73431 175148.786781492 1228603 73431 0.00373361891994096 0.000223150497687361
1256972 28369 2239 0.00381982987265701 8.62109527160563e-05 6.8041285604445e-06 75670 176954.736033497 1256972 75670 0.00381982987265701 0.000229954626247805
1283929 26957 1510 0.00390174987873289 8.19200060758832e-05 4.58876021718231e-06 77180 177074.795168928 1283929 77180 0.00390174987873289 0.000234543386464987
1309541 25612 1614 0.00397958254541003 7.78326666771347e-05 4.90480727849818e-06 78794 175831.646145652 1309541 78794 0.00397958254541003 0.000239448193743486
1329799 20258 734 0.0040411448662575 6.15623208474697e-05 2.23056291351776e-06 79528 169423.033002066 1329799 79528 0.0040411448662575 0.000241678756657003
1347916 18117 1156 0.00409620087212153 5.50560058640344e-05 3.51298464308792e-06 80684 161845.349606242 1347916 80684 0.00409620087212153 0.000245191741300091
1369964 22048 1703 0.0041632028491205 6.7001976998964e-05 5.17527062904734e-06 82387 159347.897057484 1369964 82387 0.0041632028491205 0.000250367011929139
1390746 20782 1746 0.00422635756093075 6.31547118102535e-05 5.30594393324524e-06 84133 155963.207959005 1390746 84133 0.00422635756093075 0.000255672955862384
1417889 27143 1773 0.00430884280502014 8.24852440893904e-05 5.38799461262533e-06 85906 159452.840533722 1417889 85906 0.00430884280502014 0.000261060950475009
1443397 25508 1662 0.00438635942463596 7.75166196158188e-05 5.05067515295166e-06 87568 160778.235716177 1443397 87568 0.00438635942463596 0.000266111625627961
1467884 24487 1186 0.00446077331300559 7.44138883696313e-05 3.60415206462134e-06 88754 160881.621573135 1467884 88754 0.00446077331300559 0.000269715777692582
1486757 18873 808 0.00451812673789227 5.73534248866767e-05 2.4554425533002e-06 89562 155355.327939441 1486757 89562 0.00451812673789227 0.000272171220245882
1508598 21841 791 0.00458449965968265 6.63729217903834e-05 2.40378101443126e-06 90353 153635.15154845 1508598 90353 0.00458449965968265 0.000274575001260314
1528568 19970 1568 0.0046451867732834 6.06871136007489e-05 4.76501723214693e-06 91921 150304.856968912 1528568 91921 0.0046451867732834 0.000279340018492461
1551853 23285 1518 0.00471594788696359 7.07611136801922e-05 4.61307152959123e-06 93439 150794.634594256 1551853 93439 0.00471594788696359 0.000283953090022052
1577287 25434 1263 0.00479323962693963 7.72917399760364e-05 3.83814844655713e-06 94702 153359.132584803 1577287 94702 0.00479323962693963 0.000287791238468609
1601434 24147 1305 0.00486662028453188 7.33806575922525e-05 3.96578283670392e-06 96007 154247.699018827 1601434 96007 0.00486662028453188 0.000291757021305313
1622670 21236 1080 0.00493115466332134 6.45343787894593e-05 3.28202717520324e-06 97087 152090.505539787 1622670 97087 0.00493115466332134 0.000295039048480516
1643238 20568 633 0.00499365904752466 6.25043842033151e-05 1.92363259435523e-06 97720 149592.471848205 1643238 97720 0.00499365904752466 0.000296962681074871
1662302 19064 500 0.0050515929049951 5.79338574704395e-05 1.51945702555706e-06 98220 145969.289742975 1662302 98220 0.0050515929049951 0.000298482138100428
1681212 18910 696 0.00510905876970166 5.74658647065679e-05 2.11508417957542e-06 98916 142741.599140934 1681212 98916 0.00510905876970166 0.000300597222280004
1699933 18721 1526 0.00516595027965257 5.68915099509073e-05 4.63738284200014e-06 100442 139814.419832899 1699933 100442 0.00516595027965257 0.000305234605122004
1721750 21817 1175 0.00523225026750573 6.62999878531566e-05 3.57072401005909e-06 101617 140427.176300478 1721750 101617 0.00523225026750573 0.000308805329132063
1747087 25337 1219 0.00530924723281881 7.69969653130783e-05 3.70443622830811e-06 102836 144467.002172057 1747087 102836 0.00530924723281881 0.000312509765360371
1770384 23297 945 0.00538004481346761 7.07975806488055e-05 2.87177377830284e-06 103781 145854.148380751 1770384 103781 0.00538004481346761 0.000315381539138674
1790191 19807 602 0.00544023658407803 6.01917706104173e-05 1.8294262587707e-06 104383 143540.920108334 1790191 104383 0.00544023658407803 0.000317210965397445
1811277 21086 764 0.00550431512575982 6.40785416817922e-05 2.32173033505118e-06 105147 142857.515847439 1811277 105147 0.00550431512575982 0.000319532695732496
1831821 20544 1034 0.00556674657602591 6.24314502660884e-05 3.142237128852e-06 106181 141735.75662113 1831821 106181 0.00556674657602591 0.000322674932861348
1851520 19699 994 0.00562661014391881 5.9863567892897e-05 3.02068056680743e-06 107175 139939.123307783 1851520 107175 0.00562661014391881 0.000325695613428155
1872660 21140 1036 0.00569085278695936 6.42426430405524e-05 3.14831495695422e-06 108211 139855.967256511 1872660 108211 0.00569085278695936 0.00032884392838511
1897838 25178 932 0.00576736656493831 7.65137779789512e-05 2.83226789563836e-06 109143 143823.422645207 1897838 109143 0.00576736656493831 0.000331676196280748
1920061 22223 659 0.00583490035189622 6.7533786957909e-05 2.0026443596842e-06 109802 144234.174072563 1920061 109802 0.00583490035189622 0.000333678840640432
1942363 22302 712 0.00590267421306417 6.7773861167947e-05 2.16370680439325e-06 110514 144661.630971877 1942363 110514 0.00590267421306417 0.000335842547444825
1961185 18822 493 0.00595987265333424 5.71984402700699e-05 1.49818462719926e-06 111007 141544.259792631 1961185 111007 0.00595987265333424 0.000337340732072025
1979850 18665 999 0.00601659398409828 5.6721330764045e-05 3.035875137063e-06 112006 138742.668872708 1979850 112006 0.00601659398409828 0.000340376607209088
2000464 20614 918 0.00607923815834795 6.26441742496664e-05 2.78972309892276e-06 112924 138314.967003681 2000464 112924 0.00607923815834795 0.00034316633030801
2023347 22883 896 0.00614877762857959 6.95394702316443e-05 2.72286698979825e-06 113820 140221.1303653 2023347 113820 0.00614877762857959 0.000345889197297809
2048986 25639 849 0.00622669234593611 7.79147173565148e-05 2.58003802939588e-06 114669 144594.205146637 2048986 114669 0.00622669234593611 0.000348469235327204
2074526 25540 767 0.00630430621080156 7.76138648654545e-05 2.33084707720453e-06 115436 148205.05976256 2074526 115436 0.00630430621080156 0.000350800082404409
2094069 19543 296 0.00636369570810248 5.93894973009231e-05 8.99518559129778e-07 115732 145271.292461317 2094069 115732 0.00636369570810248 0.000351699600963539
2114026 19957 395 0.00642434331582057 6.06476077180844e-05 1.20037105019008e-06 116127 143196.460070203 2114026 116127 0.00642434331582057 0.000352899972013729
2137731 23705 836 0.00649638077340223 7.20374575816601e-05 2.5405321467314e-06 116963 145184.296590656 2137731 116963 0.00649638077340223 0.00035544050416046
2163290 25559 754 0.00657405237763465 7.76716042324257e-05 2.29134119454004e-06 117717 148724.657986206 2163290 117717 0.00657405237763465 0.000357731845355
2191052 27762 717 0.00665841870952168 8.43663318870301e-05 2.17890137464882e-06 118434 153931.088460655 2191052 118434 0.00665841870952168 0.000359910746729649
2220961 29909 678 0.00674930958987646 9.08908803547721e-05 2.06038372665537e-06 119112 160494.912113099 2220961 119112 0.00674930958987646 0.000361971130456304
2255119 34158 607 0.00685311281603441 0.000103803226157956 1.84462082902627e-06 119719 170312.26680464 2255119 119719 0.00685311281603441 0.000363815751285331
2280912 25793 256 0.0069314955261548 7.83827101203864e-05 7.77961997085213e-07 119975 170275.722282692 2280912 119975 0.0069314955261548 0.000364593713282416
2312302 31390 427 0.00702688703821927 9.53915120644721e-05 1.29761629982573e-06 120402 175841.720099968 2312302 120402 0.00702688703821927 0.000365891329582242
2347022 34720 826 0.00713239813407395 0.000105511095854682 2.51014300622026e-06 121228 183893.579141291 2347022 121228 0.00713239813407395 0.000368401472588462
2381361 34339 751 0.00723675140367516 0.000104353269601208 2.2822244523867e-06 121979 190343.293895744 2381361 121979 0.00723675140367516 0.000370683697040849
2422310 40949 2437 0.00736119189515423 0.000124440491479072 7.4058335425651e-06 124416 202424.845435476 2422310 124416 0.00736119189515423 0.000378089530583414
2467837 45527 623 0.0074995445351593 0.000138352640005072 1.89324345384409e-06 125039 217252.109852005 2467837 125039 0.0074995445351593 0.000379982774037258
2510323 42486 500 0.00762865583753494 0.000129111302375634 1.51945702555706e-06 125539 226789.672553907 2510323 125539 0.00762865583753494 0.000381502231062815
2548996 38673 265 0.00774617976063367 0.000117523923098736 8.0531222354524e-07 125804 231067.769272698 2548996 125804 0.00774617976063367 0.00038230754328636
2590552 41556 336 0.00787246487294177 0.000126285112308098 1.02107512117434e-06 126140 237580.050191309 2590552 126140 0.00787246487294177 0.000383328618407534
2634432 43880 1270 0.00800581242150466 0.000133347548562887 3.85942084491493e-06 127410 245428.679115835 2634432 127410 0.00800581242150466 0.000387188039252449
2686480 52048 652 0.00816398182003705 0.000158169398532387 1.9813719613264e-06 128062 260254.985616465 2686480 128062 0.00816398182003705 0.000389169411213776
2739879 53399 678 0.00832625679145249 0.000162274971415443 2.06038372665537e-06 128740 274183.735679916 2739879 128740 0.00832625679145249 0.000391229794940431
2794321 54442 694 0.00849170135022325 0.000165444558770755 2.1090063514732e-06 129434 287043.052642399 2794321 129434 0.00849170135022325 0.000393338801291904
2839542 45221 242 0.00862912408252868 0.000137422732305431 7.35417200369616e-07 129676 288731.126640966 2839542 129676 0.00862912408252868 0.000394074218492274
2888635 49093 271 0.00877831349004002 0.000149189407511345 8.23545707851925e-07 129947 294035.187474302 2888635 129947 0.00877831349004002 0.000394897764200126
2938625 49990 359 0.00893022880345522 0.000151915313415195 1.09097014434997e-06 130306 299431.834873349 2938625 130306 0.00893022880345522 0.000395988734344476
2996098 57473 1174 0.0091048843107149 0.000174655507259682 3.56768509600797e-06 131480 311493.027167088 2996098 131480 0.0091048843107149 0.000399556419440484
3055004 58906 829 0.00928389458180983 0.000179010271094928 2.5192597483736e-06 132309 323158.020019214 3055004 132309 0.00928389458180983 0.000402075679188857
3118008 63004 982 0.00947535832268622 0.000191463740876394 2.98421359819406e-06 133291 337151.901004796 3118008 133291 0.00947535832268622 0.000405059892787052
3184633 66625 806 0.0096778259713417 0.000202467648655478 2.44936472519798e-06 134097 352644.47113906 3184633 134097 0.0096778259713417 0.000407509257512249
3247684 63051 717 0.00986943254117849 0.000191606569836796 2.17890137464882e-06 134814 362213.439347695 3247684 134814 0.00986943254117849 0.000409688158886898
3304942 57258 391 0.0100434346819172 0.000174002140738692 1.18821539398562e-06 135205 364538.178616623 3304942 135205 0.0100434346819172 0.000410876374280884
3363056 58114 400 0.0102200381330836 0.000176603451166446 1.21556562044565e-06 135605 367366.348117235 3363056 135605 0.0102200381330836 0.00041209193990133
3431574 68518 861 0.0104282584460379 0.000208220312954237 2.61650499800925e-06 136466 380169.597661568 3431574 136466 0.0104282584460379 0.000414708444899339
3499291 67717 953 0.0106340445888372 0.000205786142799295 2.89608509071175e-06 137419 390230.107422058 3499291 137419 0.0106340445888372 0.000417604529990051
3576221 76930 939 0.0108678282467894 0.000233783657952209 2.85354029399615e-06 138358 407977.841091093 3576221 138358 0.0108678282467894 0.000420458070284047
3647715 71494 908 0.0110850923679597 0.000217264121170353 2.75933395841162e-06 139266 417597.954916363 3647715 139266 0.0110850923679597 0.000423217404242458
3711464 63749 853 0.0112788200998042 0.000193727731844474 2.59219368560034e-06 140119 418014.083061869 3711464 140119 0.0112788200998042 0.000425809597928059
3773260 61796 415 0.0114666128325068 0.000187792732702648 1.26114933121236e-06 140534 416414.101246696 3773260 140534 0.0114666128325068 0.000427070747259271
3830010 56750 372 0.0116390712049076 0.000172458372400726 1.13047602701445e-06 140906 410010.772543391 3830010 140906 0.0116390712049076 0.000428201223286285
3902058 72048 1160 0.0118580188844622 0.00021894767955467 3.52514029929237e-06 142066 419876.572150065 3902058 142066 0.0118580188844622 0.000431726363585578
3970906 68848 1124 0.0120672420390533 0.000209223154591105 3.41573939345227e-06 143190 425046.125391363 3970906 143190 0.0120672420390533 0.00043514210297903
4034102 63196 1052 0.0122592892514276 0.000192047212374208 3.19693758177205e-06 144242 423779.664608835 4034102 144242 0.0122592892514276 0.000438339040560802
4112529 78427 1304 0.0124976221637143 0.000238332912286727 3.96274392265281e-06 145546 437936.275165507 4112529 145546 0.0124976221637143 0.000442301784483455
4178027 65498 914 0.0126966649562342 0.000199042792519872 2.7775674427183e-06 146460 437016.895317356 4178027 146460 0.0126966649562342 0.000445079351926173
4234020 55993 475 0.0128668228706982 0.000170157914464033 1.4434841742792e-06 146935 426731.948542147 4234020 146935 0.0128668228706982 0.000446522836100452
4290263 56243 1076 0.013037740513675 0.000170917642976811 3.26987151899879e-06 148011 418256.815957779 4290263 148011 0.013037740513675 0.000449792707619451
